245
0.005492996424436569 0.005492661158541523
0.7112782448530197 0.7056345576074818
1.4277016371488571 1.4048709591133957
2.149004638195038 2.097063363980851
2.874917685985565 2.781567087295116
3.615703582763672 3.4674032405018806
4.349918067455292 4.134333749170764
5.098254382610321 4.800773230890627
5.8498864620924 5.456418756939456
6.614668071269989 6.109201492581633
7.3819515109062195 6.749367287193309
8.151431009173393 7.376288827026656
8.932633101940155 7.997061910355114
9.724922105669975 8.610212406301798
10.527646243572235 9.21426068925939
11.330635249614716 9.80088884018187
12.142939567565918 10.376046993769705
12.973136231303215 10.944500060368227
13.811005353927612 11.497931703343056
14.6467924118042 12.029250408522785
15.506815910339355 12.553857802413404
16.37200802564621 13.058435112252482
17.241580188274384 13.541543814862962
18.131708800792694 14.010463465456269
19.024028778076172 14.453803114593029
19.93408888578415 14.877565850547398
20.844022929668427 15.271707229476306
21.784504652023315 15.646975753479637
22.721775770187378 15.987343205488287
23.67000102996826 16.29624094348401
24.627184867858887 16.570439818315208
25.591267347335815 16.80676493269857
26.588244438171387 17.007129010744393
27.55893588066101 17.157052367110737
28.556513786315918 17.262189486064017
29.56334799528122 17.31505660172843
30.563278198242188 17.311231791973114
31.565769910812378 17.247117446386255
32.55531191825867 17.120151824201457
33.52920055389404 16.928317076526582
34.505900144577026 16.66324963036459
35.43914794921875 16.335232257843018
36.34822368621826 15.937844174914062
37.2392937541008 15.464853192315786
38.081949949264526 14.931545805302449
38.88429522514343 14.33478656981606
39.63720202445984 13.683350503561087
40.3548002243042 12.965555931441486
41.00780010223389 12.214237335138023
41.611361503601074 11.41874275635928
42.16548442840576 10.582548337988555
42.66015887260437 9.72768271167297
43.116434812545776 8.821184661355801
43.51530075073242 7.904146425426006
43.859782218933105 6.981586427427828
44.16485667228699 6.016599126742221
44.41754221916199 5.053362957551144
44.624823331832886 4.07462986477185
44.78670001029968 3.083459326880984
44.901123046875 2.1047401428222656
44.973177909851074 1.0979779763147235
44.99973177909851 0.10986262641381472
44.98196482658386 -0.9005178505321965
44.91972416639328 -1.8972442091762787
44.81306076049805 -2.8883418068289757
44.660067558288574 -3.8815879030153155
44.461669921875 -4.862995147705078
44.217867851257324 -5.82950406242162
43.92866134643555 -6.778055168688297
43.58627200126648 -7.7254964533494785
43.19648265838623 -8.647733344696462
42.7592933177948 -9.541502463980578
42.26387858390808 -10.421513029723428
41.72495573759079 -11.25636623291939
41.13117903470993 -12.060191899581696
40.481003522872925 -12.828208635910414
39.787834882736206 -13.541074664681219
39.04522776603699 -14.20346420200076
38.25318217277527 -14.811901104985736
37.41169810295105 -15.362909230752848
36.53984069824219 -15.843446552753448
35.620583295822144 -16.2623268464813
34.69602584838867 -16.60259049385786
33.72801661491394 -16.88047706556972
32.750971019268036 -17.087115495160106
31.757172346115112 -17.227645740495063
30.76171875 -17.303466796875
29.755783081054688 -17.31879562139511
28.768343925476074 -17.277862806804478
27.777117490768433 -17.18437883828301
26.784485578536987 -17.041105814860202
25.792765617370605 -16.85093769337982
24.8336398601532 -16.624472777475603
23.86620730161667 -16.355577122958493
22.906912565231323 -16.050497817923315
21.973503828048706 -15.718351126997732
21.036820113658905 -15.351331865167595
20.114153623580933 -14.957937484723516
19.207338988780975 -14.54149370219966
18.301224410533905 -14.096768314266228
17.413885295391083 -13.634357944902149
16.5469953417778 -13.15760835648689
15.684431791305542 -12.65935827686917
14.826983213424683 -12.141040453570895
13.975422084331512 -11.604104128127801
13.148993253707886 -11.062361023505218
12.311701476573944 -10.493200648124912
11.501473188400269 -9.923390197218396
10.68132609128952 -9.327906110484037
9.890087842941284 -8.735922318301164
9.08983200788498 -8.12004280196561
8.31032507121563 -7.503842108371828
7.532473728060722 -6.873198378571033
6.756591796875 -6.228733062744141
6.003446280956268 -5.588657389962464
5.242956876754761 -4.928072259644978
4.495972394943237 -4.265465997741558
3.763072192668915 -3.6022964031872107
3.0236005783081055 -2.920254855416715
2.298964262008667 -2.2394695814000443
1.5681266784667969 -1.5405619516968727
0.8528539538383484 -0.8447335182427196
0.1427089422941208 -0.14248247546674975
-0.5694758892059326 0.5658610520185903
-1.287049949169159 1.2685108996083727
-1.9987821578979492 1.9538876367732882
-2.7259719371795654 2.642116355127655
-3.4575169533491135 3.3220356371839443
-4.203600883483887 4.002452013082802
-4.942924305796623 4.663557368103284
-5.6960248947143555 5.323335765860975
-6.452147662639618 5.971702096940135
-7.221061885356903 6.616368470640737
-8.002156019210815 7.255861195153557
-8.775090873241425 7.873158925576718
-9.559368789196014 8.483473034357303
-10.363985225558281 9.092524635752852
-11.168889328837395 9.68415782504053
-11.983154341578484 10.264379152204128
-12.806088253855705 10.831712098506614
-13.6461541056633 11.3906740447419
-14.484162032604218 11.927509408196784
-15.32866358757019 12.447054465883411
-16.19648426771164 12.957978258127696
-17.068738639354706 13.447465720018954
-17.944622039794922 13.91409169882536
-18.840069472789764 14.36463304773497
-19.75337505340576 14.79574088472873
-20.666613578796387 15.19722658675164
-21.594732999801636 15.573935859720223
-22.52033919095993 15.917085438923095
-23.47288817167282 16.23503227303445
-24.434535205364227 16.518366206946666
-25.40322035551071 16.76389272972301
-26.39095187187195 16.971134577761404
-27.36690044403076 17.1310382662341
-28.370035886764526 17.24643294874113
-29.356753528118134 17.308730412696605
-30.36346435546875 17.31666326522827
-31.348800659179688 17.266331613063812
-32.34645366668701 17.1524651767686
-33.328646421432495 16.973524520290084
-34.303326308727264 16.72454654260946
-35.255974531173706 16.405734242289327
-36.17393374443054 16.020389602635987
-37.0649528503418 15.564384497702122
-37.90857195854187 15.048666505026631
-38.721216917037964 14.46373581129592
-39.49979782104492 13.809499628841877
-40.2125358581543 13.116198219358921
-40.87583541870117 12.374520488083363
-41.48969650268555 11.587942577898502
-42.05411911010742 10.759940631687641
-42.5691032409668 9.89399079233408
-43.02545428276062 9.012656194972806
-43.43440532684326 8.101534587331116
-43.79595637321472 7.1638893481576815
-44.10391688346863 6.223648427403532
-44.371676445007324 5.243137548677623
-44.58784103393555 4.267195723950863
-44.75537180900574 3.2998345425585285
-44.88171458244324 2.3010644683381543
-44.962652921676636 1.2953108019428328
-44.997897148132324 0.3076028125360608
-44.989013671875 -0.7029533386230469
-44.93638873100281 -1.6895028966246173
-44.83768343925476 -2.6928882143693045
-44.69357371330261 -3.6880927527090535
-44.506363570690155 -4.661433098590351
-44.26914095878601 -5.6417215772671625
-43.98881793022156 -6.594026906532235
-43.65550518035889 -7.545922282151878
-43.28338623046875 -8.453786373138428
-42.8466796875 -9.372711181640625
-42.371166944503784 -10.24107794801239
-41.83661341667175 -11.092422404908575
-41.25262141227722 -11.904442995437421
-40.61919093132019 -12.673663576715626
-39.93632197380066 -13.396608005859889
-39.20401453971863 -14.06980013998691
-38.40545654296875 -14.702088832855225
-37.591084241867065 -15.253022951656021
-36.710461378097534 -15.75610134343151
-35.82013964653015 -16.178529869648628
-34.88441348075867 -16.539436274324544
-33.92509460449219 -16.830027401447296
-32.9450798034668 -17.051652632653713
-31.970858573913574 -17.2030694084242
-30.958786010742188 -17.29338437318802
-29.959716796875 -17.32046127319336
-28.965687453746796 -17.29030903916282
-27.966899871826172 -17.206198163330555
-26.97967529296875 -17.073075771331787
-25.993212461471558 -16.893049700302072
-25.024406611919403 -16.672755284162122
-24.061506986618042 -16.4130494435085
-23.09127688407898 -16.112028646166436
-22.161730527877808 -15.788068769616075
-21.228844821453094 -15.429265389029752
-20.293569266796112 -15.036861016778857
-19.390000104904175 -14.627710040076636
-18.487071990966797 -14.19027205556631
-17.60280132293701 -13.73499829787761
-16.721446216106415 -13.25550191984803
-15.86151123046875 -12.763559818267822
-14.988696277141571 -12.240524669687147
-14.148501679301262 -11.715000841149958
-13.315148055553436 -11.172891569076455
-12.480028867721558 -10.609243290382437
-11.662421151995659 -10.038053166836107
-10.853805541992188 -9.454682171344757
-10.045183897018433 -8.853299284237437
-9.246687591075897 -8.242103612064966
-8.46887581050396 -7.630465375650601
-7.68269419670105 -6.996203455491923
-6.918468475341797 -6.364450491964817
-6.156704351305962 -5.720053322484091
-5.397703573107719 -5.063641596598245
-4.652167484164238 -4.405134664875732
-3.9101779460906982 -3.7364346877438948
-3.1720206141471863 -3.058181007145322
-2.437977120280266 -2.371016078768662
-1.7191001772880554 -1.6859437041421188
-1.0050666332244873 -0.993779263808392
-0.28519123792648315 -0.2842860899545485