1
456
130.0486630405815 272.9906574227319
132.12467561804985 277.53611946589746
134.5918260906093 281.8666839660165
137.41621096659503 286.00598474344537
140.52316161038866 289.91023285798155
143.89549681478925 293.6103859958018
147.48300107290686 297.0898112236382
151.26008595627943 300.35565524009843
155.21999820783728 303.42377896460977
159.32143410837298 306.278854725116
163.5510833627144 308.92570353135926
167.91402720586325 311.3752151568382
172.3891964111057 313.61899694539807
176.95592110168184 315.64885700443153
181.60977498045625 317.4625545628439
186.34751016619975 319.0549252675095
191.16640597480486 320.41752422710795
196.03112584298609 321.53168252870745
200.95426467607408 322.389017150748
205.93128229821093 322.97191868062987
210.92376746724224 323.25720369613043
215.90826815699378 323.2242151015514
220.90656500645875 322.84631287417426
225.84375700210387 322.09956733508403
230.70630443628974 320.95637829676747
235.44878594253598 319.3940091316538
240.03981744506117 317.3871257749526
242.3082093641631 320.8692112446656
243.8839132840915 325.6078396549984
245.22550197972808 330.436810098478
246.34049913938344 335.3022268907726
247.24341488392383 340.22169421302056
247.9303514226675 345.1693415472508
248.3957121553074 350.1442161990448
248.62662302543572 355.1509232100793
248.60255943921246 360.14653961740055
248.29862812517132 365.1361798358624
247.68271720065715 370.08900476471194
246.70974739589707 374.99944754612306
245.33269318282404 379.8066362421618
243.4946917789945 384.45623067993535
241.14446260492505 388.8576236837208
238.23222476400366 392.91661942098244
234.74307465498018 396.5085880995971
230.74912643526608 399.48983157629345
226.32835732503167 401.8039623592864
221.5964191300293 403.4383461364754
216.70597821964566 404.42676424302726
211.7287461573619 404.85245419083367
206.7295420825302 404.79790117198274
201.74361105333332 404.3396924772442
196.8164524499277 403.54745658150284
191.93653888316157 402.4729291131029
187.10109173162147 401.1566286577364
182.55556809560954 399.161272476755
182.28972965034802 397.9073334628443
187.27751041371934 398.14874241964424
192.22713015787141 397.4254706380722
196.93298577763701 395.78235049675686
201.25627244364637 393.2872388107095
205.04132752207548 390.0351063360128
208.15936664780253 386.12231109597076
210.46324893666872 381.71423603716244
211.88216570469388 376.9212005170035
212.3569885363055 371.9439165466995
211.8891803353535 366.97524188180455
210.48464333311375 362.18832812344
208.19630977656934 357.757324231237
205.11327858384976 353.83482116021304
201.3377643743977 350.5496468133405
197.02135980027913 348.03949727040526
192.3180610318184 346.39696953344344
187.36572863740741 345.6781563604033
182.37810943853574 345.84595939454437
177.48102306534673 346.8158742508297
172.8557034668997 348.6992821462154
168.75087885309662 351.51660792878266
165.35396156571056 355.1877057845592
162.81063737275917 359.4906930323541
161.13958781178187 364.18277105515216
160.2828951335686 369.1063228295096
160.18343011195978 374.09826840523675
160.78210484906285 379.05548416638374
162.03417553254351 383.89113482019445
163.90832247169533 388.52915523273265
166.37288961488008 392.8794973049164
169.3970220529557 396.859994498942
172.93212435454126 400.38006412696836
176.94091683458385 403.3797612094171
181.31611130050572 405.77563789640226
185.98748267975697 407.54867687035403
190.85449262695113 408.69408567343413
195.81090359630076 409.3172586446183
200.79995927528722 409.6695988520023
205.8008538173167 409.73267217225396
210.79165594297706 409.4657742460978
215.74487775271695 408.82459703122703
220.62745871652393 407.7618997421509
225.385359629236 406.2342957257477
229.9509014105871 404.2101913366467
234.2800803913362 401.69770507875734
238.32799213524888 398.7544773447657
241.99720874214168 395.3848240828514
245.23702312143686 391.5722335423807
247.95943766522404 387.38437242883435
250.13491250383436 382.8915971761054
251.7749484018258 378.1581850047477
252.90361430927044 373.30201084249364
253.58760422078956 368.3365548944622
253.88110585993599 363.3533627928849
253.84667977844563 358.35024599189467
253.53814343244812 353.3684782124794
253.00160469485115 348.3987599067751
252.27612134946105 343.441442066815
251.40053149203908 338.520116842277
250.40747830916618 333.63373947373117
249.3164094310863 328.7347573017604
248.1674267470319 323.8737416979287
246.98437062891213 319.0222392707525
247.12812917964902 314.68657028154286
251.40991045132057 312.1322424625167
255.6637651345059 309.48118169835953
259.772565233767 306.6563897816539
263.726335747905 303.5991162644252
267.4822765920674 300.2838164819227
270.9765281972172 296.7091100184912
274.1622957151277 292.8630158220947
276.9863271213388 288.7440469290661
279.39654530702916 284.3579173680073
281.33065076706646 279.7593179895831
282.7666843270809 274.95804195445066
283.5450539922351 270.0376635878998
283.9215710464975 265.04375640152267
284.00317846453186 260.04006605577473
283.75236856148615 255.04850800064594
283.1287687554424 250.0956847487459
282.0862530721189 245.20057202748944
280.589862345783 240.43758384951207
278.6049679002224 235.85369389357885
276.1130241209268 231.51627178621294
273.1291674334012 227.51127119486617
269.6749332307949 223.88930930363705
265.8218266305113 220.7148979468489
261.6269701465929 218.0017403437691
257.1667836859578 215.75633847184758
252.50463908720644 213.96288704965173
247.68251956739948 212.59345057632123
242.78764168071746 211.62871624374392
237.82301085877737 211.02942579582782
232.83450427319175 210.76873966924757
227.8397307367257 210.8188223504564
222.85209356315454 211.15606498918405
221.31441848669382 206.90612933522652
220.23718549768623 202.01400322125855
219.1630164998043 197.13579186032158
218.08632762102593 192.24613675855662
217.01268678414817 187.3703239783049
215.93766578500737 182.4882433544969
214.86168005016856 177.6017814977065
213.7876685705185 172.72428548717502
212.71145044761684 167.83676826750374
212.75980157313728 163.32951928445442
216.54416232109068 160.04891154384617
220.26848108291952 156.72885562577358
223.93578654854417 153.33543426910254
227.53142027700179 149.8487833448437
231.02407690805245 146.26462955699142
234.3908785622553 142.5710579631322
237.6089473601696 138.75615362085242
240.6688262616098 134.78973305372898
243.5198594379425 130.69573135471347
246.1711612151587 126.44620873876083
248.6054583648161 122.08725743051517
250.82697918669203 117.60902422588192
252.82421788756739 113.03183586402093
254.59992993422918 108.3458894768267
256.1396247007847 103.58848404598241
257.4430593288612 98.7665701193521
258.51002598824584 93.88724554261334
259.3403522322476 88.95775669181353
259.9339013542318 83.98549970999389
260.28979682784666 78.99435513489885
260.4102661723206 74.00845019920399
260.29833352829905 69.0028395856123
259.9569549297504 64.01795509774989
259.3905946052857 59.061410400793
258.6007035896443 54.12446919097012
257.5894785170592 49.21475039170688
256.3679218464897 44.37181408941635
254.9373600304154 39.58655208254038
253.29623609924317 34.85026287841802
251.4596548703628 30.201235635051642
249.43381267651313 25.64553108769102
247.20915397973752 21.15896384333979
244.804686550993 16.77806693931116
242.2172236467248 12.493775964151425
239.46044804492738 8.326229139586735
236.54011403152347 4.280315241932925
233.0466795578003 0.7706481018066973
228.19657023318112 0.25046671193843784
224.22214665835244 3.1320108315100423
221.14418894860233 7.078205892805707
218.17426111377085 11.10099508301122
215.31670437864946 15.209322442330011
212.58694927536695 19.39730961224442
209.99168293022905 23.672555971594242
207.5469044725343 28.028197269781074
205.25458017942773 32.48354847987374
203.1442574051525 37.00405280229915
201.21305959893792 41.62035708136321
199.48218179876557 46.31011471593567
197.96067388210236 51.07610070167854
196.6637455758437 55.895944217397364
195.59441952586954 60.78302206803694
194.76261432686843 65.71415550808993
194.1711418371301 70.67809855194652
193.81892140022433 75.66336511403603
193.7005875099955 80.66869220889524
193.8065696219105 85.6609342899865
194.12288076881867 90.65834744730552
194.62740507622829 95.61818391471346
195.30914133855887 100.58400590379915
196.18307470703127 105.50625488281256
197.12685525569574 110.41005406091695
198.08703377761503 115.31319578370086
199.01035132504998 120.23346476855879
199.83771851340123 125.16023743386944
199.69973178798125 129.79780576747837
195.93559847124408 133.09028692395768
192.17831339198534 136.38749590262123
188.43369263023766 139.70401280875544
184.7053062578004 143.05502613755658
181.0241598962012 146.4296335309897
177.3766334343215 149.85660907877138
173.79155922611056 153.3247204806582
170.27196068421568 156.87182199295404
166.85737589425437 160.52914620515878
163.52388576633345 164.24758096175378
160.26302828308522 168.043681193073
157.08719707298278 171.91171919202807
154.00828252249758 175.84612449412083
151.01876791104402 179.86761359132126
148.14075250023558 183.9591583107993
145.38605860193238 188.11631059112253
142.7496908362208 192.36232344006436
140.24581381846758 196.69424606400625
137.8888464250821 201.10905876809693
135.6934638086733 205.60367238250805
133.67459941968616 210.17492768684502
131.84744703451778 214.8195948327129
130.2226892593553 219.54937686170842
128.81828032578156 224.36137496734318
127.66242516906448 229.20662029342552
126.75943954108732 234.12704608023225
126.13153387572133 239.08829752235033
125.7928630840078 244.08634451132792
125.75683120227558 249.08562092650715
126.03017422653775 254.06574810034658
126.61981660835818 259.03805979574565
127.52239502218971 263.95043488342793
128.7346525268023 268.7984251785527
243.6245072302818 308.1845320096016
242.55191175177265 303.31645071539504
241.47518186510456 298.4303593663633
240.39722760528662 293.5393317332733
239.3206766778007 288.655140147917
238.24392932153768 283.7703642424727
237.16929125551147 278.89529297437764
236.09098967790604 274.0035604147912
235.01513583308721 269.1227085599139
233.9398303953713 264.24393934393015
232.86317403907452 259.35845470102385
231.78726063162952 254.47558070831394
230.71427343939308 249.6050642753141
229.63846430728805 244.7206586089508
228.5621833062561 239.83288655117312
227.48798838543695 234.95324042833403
231.02058314004685 233.84802815357995
235.99426659202572 234.3605237217546
240.88399367018928 235.39673641085196
245.61110313158963 237.00946215932828
250.0812286123 239.23537211243402
254.18212681007384 242.078540715158
257.8158796896371 245.51543730815254
260.88088523798064 249.46680167837894
263.31159181213377 253.82034527349472
265.09330967147275 258.485626513376
266.2236960488823 263.3662730268796
266.7117539897016 268.33901993313384
266.58604947033524 273.32982560003455
265.87462980899215 278.2706059163744
264.6050281832381 283.09901955735745
262.80426808078636 287.75825642352976
260.4988676835261 292.1968292531256
257.72292492129657 296.3575798504915
254.51534914087085 300.19111757932774
250.91956806755064 303.6567650969625
246.97126519213285 306.7316623840994
214.5940826893766 45.65095489241369
216.8460131809691 41.17956847413606
219.29249268894011 36.81776350057055
222.0918513789696 32.67700750386878
225.45420739281178 29.005512586712836
229.65801263284874 26.338265954421836
234.56039414546152 25.61625266324426
239.34704451262954 26.97387371736765
243.4687856464696 29.79048092480225
246.62557943516416 33.65035442608129
248.84458417329006 38.10271587898675
250.29345994268897 42.8945337881801
251.10113978348676 47.82898467279226
251.37673472298462 52.81061754853981
251.1941862316795 57.80939734588425
250.60207875040362 62.766143328703
249.62911787879466 67.6711864529252
248.29279576342907 72.49471973148358
246.60988614492362 77.192336161313
244.59425868100206 81.76495966475922
242.26864200397677 86.19868112794215
239.66299372591357 90.47493486879485
236.81498453996977 94.57518763573755
233.73966165883596 98.51983011049276
230.4810241693994 102.29750770299229
227.04688744980098 105.95754935592413
223.55029025411608 109.51102798318863
220.27128180459246 113.28401642744569
216.96974264839943 117.0467297138311
213.42553566737195 120.56958173884078
209.53254196786878 123.70567786216735
205.16353396826983 126.09058534502982
203.46811476342285 122.67269523125887
202.98418556138054 117.70298668127414
202.72132615050367 112.71368843348976
202.63261090726405 107.71095511770248
202.69398252255564 102.71402463692426
202.8927228182772 97.7135259199217
203.2215418982506 92.73458834838868
203.68160615866483 87.74422497541458
204.27144165495784 82.78630315732956
204.9997733720532 77.83458389886003
205.87429369128742 72.9045823296234
206.9052967901556 68.01220010048151
208.10593465298416 63.17540288162232
209.50527913346866 58.375483907911
211.12791767329725 53.64525946950913
213.01094186978543 49.009578893889675
207.62901205640287 170.51393187298254
208.70587611161451 175.39195856108194
209.7825737155973 180.2692312510021
210.8613913578937 185.15610738475894
211.93863289016485 190.03584398522972
213.01540842485426 194.9134696891308
214.09410501196328 199.799797461716
215.17289338098186 204.68654099207697
216.25158156204225 209.5728306865692
213.36558705478532 211.89813052665443
208.57756633855448 213.35582476642819
203.97987755947725 215.2948805913549
199.59094271415984 217.69956663573814
195.47713054677988 220.52248976472313
191.6567846238096 223.73745825542605
188.1620509517538 227.30951424304592
185.02655542594334 231.200832931879
182.27891628464081 235.38171251019006
179.95948141315168 239.80963884657922
178.10264785315917 244.46179344941828
176.76644706167812 249.26478503687252
175.99464724660882 254.19907678150074
175.85077488437267 259.20366389831844
176.39386989521228 264.1640826910882
177.66665999462595 268.98775896148663
179.68777869584085 273.5622842462445
182.41655617332034 277.7467790333246
185.77008731854335 281.4483443682268
189.64112304677505 284.6213344181267
193.89192167023523 287.2474368432304
198.47721422338486 289.1661935514212
197.2545728331879 285.4645966788083
194.3602719524348 281.4059218402931
192.18865530647793 276.8940729774728
190.8178668726968 272.0977975563688
190.25625418088586 267.1454491925388
190.49374491968007 262.1399696352333
191.50094570627195 257.25217356808645
193.24370123790712 252.5685892432562
195.679625731185 248.20417535415544
198.74653863353768 244.2785546412296
202.4073437273383 240.86087057695806
206.5418925831022 238.07347331244824
211.06418045701832 235.96134093879164
215.86725934934617 234.55095343303677
220.81652369749605 233.8368076254001
222.50883188992202 237.89530370850346
223.58535861039323 242.77460963780945
224.66342641277626 247.66066376285258
225.7403030781166 252.54100970883434
226.81763679293454 257.42304227258523
227.89303467450378 262.29584335930974
228.97246994343735 267.18640226285294
230.04961192992377 272.0659628035219
231.12642347574257 276.9433499179572
232.20486742267306 281.8273885427993
233.2827673739849 286.70816258955233
234.36201166277078 291.5941698489147
235.4402486321777 296.4747192679345
236.5191618645042 301.3573957425058
237.60035008605269 306.2494025357323
238.6766650713682 311.11838009715075
234.43829777299496 313.2684939785083
229.7062255863432 314.9137985802373
224.89036626018756 316.2175651815616
219.98480600532054 317.18383686505615
215.02445097782615 317.8053650961803
210.03165568993592 318.0790597679058
205.0295221363666 318.00188727213776
200.0552764246886 317.57250729296413
195.1197612054075 316.7882627289661
190.24818399634214 315.6462890432701
185.4790780681695 314.1482473409782
180.83800384522036 312.2942041543842
176.35091838249843 310.0842647854639
172.06641449410472 307.53306549704814
167.9865788548629 304.6299588591048
164.16768649291996 301.40231613159176
160.6393738733508 297.8683648402417
157.41903906552054 294.0388883996719
154.54545520965013 289.9594681479707
152.0192406265521 285.63551751291124
149.8655434951602 281.1219098160356
148.0869397893107 276.4543955306103
146.25575472682715 271.82967898291344
145.70227270983162 266.8836342023759
145.0564635609688 261.91014775785493
144.72573749056224 256.92442654847525
144.73270062244057 251.93868610591807
145.09958269799995 246.948878821109
145.84223624863228 241.9961270481184
146.96133749017795 237.12977156061933
148.45228405318758 232.36413020637093
150.30435852635733 227.7103380354277
152.4811733635685 223.21438270756707
154.96122803670497 218.86554602055597
157.69798806232725 214.6882141318417
160.6630832745679 210.66794327492252
163.82898595122336 206.79071424582781
167.1490114726161 203.06449243965952
170.61544369549745 199.45348865224366
174.19277951332256 195.95542717921165
177.85617208332826 192.55755509718065
181.5933509608193 189.23775290593983
185.38235245285742 185.98480692869612
189.2254422269371 182.76841621272922
193.0789391553048 179.59783310120366
196.95820468556883 176.43387660467624
200.831628848603 173.27628990595974
204.70268660260527 170.09577792149506