2822
159.0794138991407 526
152.11785899999998 522.9734331593055
152.117859 512.9712902118112
152.117859 502.9726716674638
152.117859 492.96298747085063
148.81591448969044 486.270264
138.81837515014385 486.270264
135.213181 492.66663737728646
135.213181 502.66262991551827
135.213181 512.6696577108885
135.213181 522.6703196737955
128.22143500268555 525.681519
118.22085374773282 525.681519
113.132339 520.7828783789063
113.13233900000002 510.7722903649573
113.132339 500.7800684066443
113.132339 490.77611306772815
107.54158901963497 486.366333
97.53841893048013 486.36633299999994
96.051582 494.87919637234904
96.051582 504.86659662494856
96.051582 514.8802147962147
96.051582 524.88230633087
87.17094309846952 525.9860576177869
77.16252701595721 525.9927518228436
72.99521244565628 518.9959476210938
73.00150237248587 508.98584085351564
73.0024690018356 498.99599745996096
73.00101906410774 488.9858906923828
73.0000373742667 478.99975426261597
72.99997925865168 468.98234626711076
72.99996088013683 458.99247576050396
72.99996754139309 448.9925110599388
72.99998483131024 438.99828814134764
72.99999858573743 428.9993237096952
79.31343437614268 425.30346700000007
89.30990173414199 425.30346699999996
95.89756 428.7093415031075
95.89756 438.7100194218302
95.89756 448.7109523638159
95.89756 458.71297365245795
100.97329295715335 463.6486509999999
110.95827428836883 463.648651
112.713181 455.3927569519031
112.713181 445.3942676544553
112.713181 435.3930723027803
112.713181 425.3859307150753
112.713181 415.39258891831537
112.71318100000002 405.3868848568592
112.713181 395.38865835219417
112.713181 385.39483183054085
112.71318100000002 375.40237150008113
108.70790524874809 369.39981099999994
98.71506109928919 369.399811
96.11828599999998 376.8053058813677
96.11828599999998 386.8175310038797
96.118286 396.8102261887972
96.118286 406.8162200906382
87.03508879484859 407.729034
77.04693678360292 407.729034
73.214226 401.5529847971432
73.214226 391.5514583586017
73.214226 381.5516922654171
73.214226 371.5501967683001
65.45151962615074 369.318695
57.133514 370.9979000953194
57.133514 380.9978401218449
57.133514000000005 391.0039443938794
57.133514000000005 400.99519860243663
53.77035524167079 407.633057
43.766059012160014 407.633057
34.05293999999999 407.3350110640674
34.05293999999999 397.34431131148114
34.05294 387.3444277656502
34.05294 377.34983706497667
32.16276015514997 369.237671
22.157236047125828 369.237671
18.350012 375.42739711768553
18.350012 385.43638573915104
18.350011999999996 395.4238504652064
18.350012 405.4381160881506
18.350012 415.4354325707401
18.350012 425.4295711949909
18.350012 435.43432594494277
18.350012 445.42885173278853
18.350012 455.4384790088518
20.069716756585557 463.713745
30.06973834440966 463.713745
33.754814 457.40967853810685
33.754814 447.40636171970175
33.754814 437.4082839694412
33.754814 427.3972903581215
41.68340022797758 425.334656
51.68971609529821 425.334656
56.729881 430.294834246405
56.72988099999999 440.2855026737132
56.72988099999999 450.2989938594348
56.729881000000006 460.2893483003382
56.729881 470.28387084541004
56.729881 480.28544241716463
56.72988099999999 490.29694393811667
56.72988099999999 500.2967290472702
56.729881 510.2875533614198
56.729881000000006 520.2967482708552
52.06576126250049 525.617188
42.05472718255572 525.617188
34.084515 523.597893255932
34.084515 513.5969500746853
34.084515 503.58939134497075
34.084515 493.59592073357635
31.426172630776406 486.25353999999993
21.41496342813558 486.25354
18.047737000000005 492.87488811845014
18.047737 502.87293617124953
18.047737 512.879202841544
18.047737 522.8899476481758
15.047452462417047 519.1289822773211
15.00673997226529 509.12337236768315
14.99830674706326 499.1342518222557
15.002781629161015 489.12076653959423
20.264152440853614 484.38501
30.260047153434755 484.38500999999997
36.911186 487.72505887294426
36.911186 497.73317445779037
36.911186 507.73807969028223
36.911186 517.7393890416963
41.90280664961791 522.7441409999999
51.90771602064286 522.744141
53.631836 514.4736667574042
53.63183600000001 504.4772184411139
53.631836 494.4756041073963
53.63183600000001 484.4667778800377
53.631836 474.4717361399502
53.631836 464.4654473464089
53.63183599999999 454.46898307977693
53.63183599999999 444.4804241049668
53.631836 434.4746960648166
49.795727748407074 428.30435200000005
39.79609622390681 428.304352
37.104698 435.61160382463163
37.104698 445.6044905926241
37.104698 455.60239392827407
37.104698 465.60476019512083
28.136708423878122 466.647522
18.13669571591057 466.647522
15.28793 459.49936023313495
15.28793 449.4972570661867
15.28793 439.5054452875959
15.28793 429.50905298089293
15.28793 419.5054058417535
15.28793 409.5040632955057
15.28793 399.50240202797835
15.28793 389.4978181889309
15.28793 379.50002160925885
15.28793 369.50652689040515
22.18194316301569 366.40057399999995
32.176273055199495 366.400574
36.88001599999999 371.71045569478156
36.880016 381.7084174154616
36.880016 391.70280840478756
36.880016 401.70795088279857
43.86527808785769 404.7284849999999
53.78434 404.6544028648085
53.78434 394.65011654913974
53.78434 384.6609087594456
53.78434 374.66386193367237
55.445514860129926 366.319702
65.44233533356343 366.319702
75.45196372071052 366.319702
75.86520400000002 375.89485689560996
75.865204 385.8945705714127
75.865204 395.90617446877684
77.13949694433326 404.63241600000003
87.14113929947118 404.632416
92.945969 400.441403209913
92.945969 390.4438858135255
92.945969 380.4458955086465
92.945969 370.4437599308329
98.74125079592288 366.2388
108.73449137145852 366.2388
115.64895600000001 369.3226124241777
115.648956 379.3321707558021
115.648956 389.33005448611937
115.648956 399.3304083889037
115.648956 409.32289103282926
115.648956 419.32164157289304
115.648956 429.32856072789104
115.648956 439.33326655804757
115.648956 449.3253139188977
115.648956 459.3311209987221
113.03663771412259 466.713074
103.02734842415907 466.713074
93.246109 466.49162815849644
93.246109 456.4950459557325
93.24610899999999 446.4970463891296
93.246109 436.49716239737245
91.40388855368332 428.334778
81.406723961218 428.3347779999999
76.27029400000002 433.20410726364935
76.270294 443.19220938433324
76.270294 453.2018221944687
76.270294 463.1904965322461
76.270294 473.1961424340557
76.270294 483.1877437203591
76.270294 493.2032362949884
76.270294 503.18842529278123
76.270294 513.1927402902414
76.84617538589622 522.616821
86.84572490383981 522.616821
92.91478 518.6812883409694
92.91478 508.6870719577627
92.91478 498.6778417438637
92.91478 488.6911428250538
98.4895129281841 484.254395
108.48108122388828 484.254395
115.81881699999998 486.9145528872887
115.81881699999998 496.92100842235
115.818817 506.919496424382
115.818817 516.9182430523724
120.04120194064093 522.697876
130.03635630562226 522.697876
131.899521 514.5478067850256
131.899521 504.55319106804166
131.899521 494.55062739960374
131.899521 484.5590442413697
141.7048242811259 484.3504029999999
151.7054868954837 484.350403
154.80383300000003 491.2404687857925
154.803833 501.2408351255482
154.803833 511.2481683901012
154.803833 521.251075338974
163.43582333296183 522.601685
171.66635099999996 520.8139192725271
171.66635100000002 510.81669776833724
171.666351 500.82311675246524
171.666351 490.82043355146635
171.666351 480.81886870006696
171.666351 470.8286991466575
171.666351 460.82567639138796
171.666351 450.83162984879067
171.666351 440.82226632310983
171.666351 430.81950045868035
164.21646359457216 428.269714
155.212021 429.2703319941362
155.21202099999996 439.26324453261424
155.212021 449.26050820165653
155.212021 459.2663861270855
152.62779275554658 466.682129
142.62416049323068 466.68212900000003
132.6337159872103 466.682129
132.253357 457.0672171346337
132.25335700000002 447.0666883141719
132.25335700000002 437.0690620267477
132.253357 427.05903081956313
132.253357 417.07018175406085
132.253357 407.06276012032237
132.253357 397.07041081661305
132.253357 387.06561355882604
132.253357 377.0698881135335
132.253357 367.0556905811709
141.56147264974013 366.365997
151.56098795831065 366.365997
154.948975 372.9820617698563
154.94897499999996 382.9700256051121
154.948975 392.9809537727108
154.948975 402.98123145495674
163.15254076890477 404.763306
171.15094 402.75942336640594
171.15094000000002 392.7524948535093
171.15094 382.7456803632039
171.15094 372.74845525067116
171.15094 362.7472674899397
171.15094 352.7631465410135
171.15094 342.7479432504887
171.15094 332.74578375136116
171.15094 322.75472149438883
171.15094 312.7496601308306
163.6519193611147 310.24597199999994
155.164978 311.75517820801355
155.164978 321.7515970970794
155.164978 331.74827656239853
155.164978 341.75490980791403
152.1243820891628 348.705536
142.10956377605132 348.70553600000005
132.40670799999998 348.4133095583642
132.406708 338.4244496778271
132.406708 328.4260862545662
132.406708 318.4169714378975
132.406708 308.4203147270866
132.406708 298.4104784913796
132.406708 288.4107517571874
132.406708 278.4200148548028
132.406708 268.4125560336626
132.406708 258.41181005521616
132.406708 248.41670163163786
142.33471977449875 248.34259
152.32975285351142 248.34259
154.81944300000004 255.85543862208462
154.819443 265.8474955893798
154.819443 275.86098377894757
154.81944300000004 285.8486848039816
164.07026617201018 286.609467
171.67416400000002 284.2239760039747
171.674164 274.2199208471194
171.674164 264.20942226938644
171.674164 254.2140673578607
171.674164 244.2095129719752
171.674164 234.21740445203352
171.674164 224.21337228841173
171.674164 214.2191326377083
171.674164 204.21027688192015
171.674164 194.20860446919792
163.63132020917405 192.26187099999999
155.196396 193.82149639935477
155.196396 203.8301980654611
155.196396 213.83611349416054
155.196396 223.82691424613196
152.06231898165603 230.689957
142.05317622546613 230.689957
132.115479 230.63383787693897
132.115479 220.63217079000214
132.115479 210.6240237509679
132.115479 200.62816875218007
130.3812599689396 192.35791
120.3817515869026 192.35791
116.211548 198.18281088994343
116.211548 208.17022524336915
116.211548 218.1855810960119
116.211548 228.17856721402975
108.62564531581826 230.593964
98.6269311066803 230.593964
93.13086699999998 226.0857625383944
93.130867 216.0812380513257
93.130867 206.09495469224748
93.130867 196.09530809914986
86.9352098409355 192.276978
76.95188021510691 192.27697800000004
76.38915999999999 201.72484518162008
76.38916 211.73034749307635
76.38916 221.72206543324543
76.38915999999999 231.72467547715334
76.38916 241.71687554138805
76.38916 251.72337228694954
76.38916 261.7227779278012
76.38916 271.71668945911074
76.38916 281.7298827326425
81.43379083791203 286.67456100000004
91.44231451538325 286.674561
92.853271 278.0956128180792
92.853271 268.0844367459714
92.853271 258.0987184994065
93.13693491467704 248.37350499999997
103.139338642833 248.373505
113.12985312588027 248.37350500000002
115.69104 255.8278114901535
115.69103999999999 265.82577966563326
115.69104 275.82713545718497
115.69104 285.8087734877355
115.69104 295.82098691883533
115.69104 305.81617539158367
115.69104 315.82016697727227
115.69104000000002 325.809760012482
115.69104 335.8108091682626
115.69104 345.82466084419144
108.63592094811702 348.755157
98.62420274389979 348.755157
93.16203299999998 344.2250697145708
93.162033 334.2180013504326
93.162033 324.22251963261033
93.162033 314.2291172553769
87.08913413743929 310.292603
77.09018267908951 310.292603
76.25769 319.4604355726671
76.25769 329.4633272037246
76.25769 339.45261633651944
75.4584320698986 348.65927099999993
65.4542899986341 348.659271
55.45790340810761 348.659271
54.176834 339.9376430436366
54.176834 329.9394442968292
54.176834 319.93428085687384
53.723121085114876 310.388672
43.731658839197166 310.388672
37.096069 313.762936048393
37.096069 323.76562359315824
37.096069 333.7502640463943
37.096069 343.75292147796665
32.085073641610144 348.740173
22.079780223693653 348.740173
15.372064 345.4421790300206
15.372063999999998 335.4486206308827
15.372063999999998 325.45097827078416
15.372064 315.44759117946575
15.372064 305.44904191599875
15.372064 295.44145055948826
15.372063999999998 285.44770140220083
15.372063999999998 275.4416652072681
15.372064 265.4463066714178
15.372064 255.44777996591844
18.23911452389248 248.307953
28.228739937117172 248.307953
36.888645 249.65482159569342
36.888645 259.65501340902324
36.888645 269.64845404378195
36.888645 279.6536855266147
39.890917276854516 286.644165
49.90038155933993 286.644165
53.708717 280.4546410601704
53.70871699999999 270.45963943195767
53.708717 260.4617839508546
53.70871699999999 250.45790025137572
53.708717 240.45630334716495
53.708717 230.46537217650496
53.70871700000001 220.4474860772455
53.70871699999999 210.45717408753615
53.70871700000001 200.45688015244272
51.765769350420335 192.404282
41.756934700737006 192.404282
37.12722 197.76541323901807
37.12722 207.77788603527205
37.12722 217.77196947210595
37.12722 227.77923788025075
30.076405678165436 230.72457899999998
20.085172310414457 230.724579
15.387649 225.41814474960964
15.387649 215.42301674918795
15.387649000000001 205.40868725395623
15.387649000000001 195.41033233351845
15.387649 185.42654837229531
15.387649 175.4191838044001
15.387649 165.42354783322776
15.387649 155.42599361401415
15.387649 145.41281523350028
15.387649 135.41956289744527
20.294826309295434 130.323547
30.28928175833473 130.323547
36.857505999999994 133.751677196649
36.857506 143.7608863088236
36.857506 153.75303096658183
36.857506 163.76153826799484
41.99732691891828 168.628555
51.981931593858754 168.628555
53.693161 160.33293646763897
53.693161 150.33476872769577
53.693161 140.3327744670991
53.693161 130.3252866649534
53.693161 120.33366996513165
53.693161 110.33327003654142
53.693161 100.33397119376014
53.693161 90.33416248979793
53.693161 80.33224433390113
49.78957885492425 74.242783
39.78322421703845 74.242783
37.158356 81.61078974045854
37.158356 91.61040415063346
37.158356 101.62371884420185
37.158356 111.6234473350168
28.249014923187257 112.70899999999999
18.24528984115052 112.709
15.403233 105.55743405589934
15.403233 95.5475697790718
15.403233 85.56451387317982
15.403233 75.54597452067863
15.403232999999998 65.56402042180501
15.403233 55.556278513137144
15.403233 45.558251447700144
15.403233 35.55648784278618
15.403233 25.562105843644403
15.403233 15.549297912304896
22.186894608913388 12.339127
32.192839228963436 12.339127
36.82637400000001 17.704359056834033
36.826374 27.694376449171568
36.826374 37.692077458755904
36.826374 47.708303139807114
43.91033417595249 50.612946
53.907127 50.603678032541495
53.90712700000001 40.6036980966116
53.907127 30.601189239804718
53.907127 20.60662377202429
55.5641457483343 12.258222999999997
65.55294394280159 12.258223
75.559128523285 12.258223
75.811249 22.007370466311322
75.811249 32.004681609292874
75.811249 41.99770046526557
77.1237932952376 50.693993
87.12805187267571 50.693993
92.89199799999999 46.46827069959252
92.89199799999999 36.47338632885605
92.891998 26.470900253966793
92.891998 16.460649635090217
98.78165252985993 12.354108000000002
108.77572378927377 12.354108
115.71041899999999 15.427732708741473
115.71041899999999 25.428580734269534
115.71041899999999 35.43051552330079
115.710419 45.43620166101504
115.710419 55.42387400780571
115.710419 65.42057616511815
115.710419 75.42895326868233
115.710419 85.4271254708512
115.710419 95.4176041423724
115.710419 105.42748263527044
112.87677165679824 112.59776299999999
102.88104633206848 112.597763
93.12327600000002 112.3576443084883
93.12327600000002 102.35543354347111
93.123276 92.36253579558368
93.123276 82.36497071013306
91.20124738453619 74.273163
81.20061511925843 74.273163
76.385368 79.45680446367935
76.385368 89.46183440296905
76.385368 99.45163585716806
76.38536799999999 109.45094191285057
76.385368 119.4615458281058
76.385368 129.45065185176338
76.385368 139.4545336362128
76.385368 149.45183036301725
76.385368 159.44418417839188
77.16619643569685 168.678375
87.16842393132256 168.678375
92.86087 164.37360960034493
92.86087000000002 154.38100541015623
92.86087 144.38403516614113
92.86087 134.38631788806111
98.84344499300539 130.36969
108.85492903941832 130.36969
115.94161999999999 133.2741105955622
115.94162 143.2844540367367
115.94162000000001 153.27544168998546
115.94162 163.2689987527935
120.46099076113892 168.75961299999997
130.45847696502625 168.759613
131.84613 160.13822693585348
131.84613 150.15045567761328
131.84613 140.14693923938157
131.9834077506786 130.28891000000002
141.99009884837523 130.28891
151.99808374297743 130.28891
154.749954 137.53516826260375
154.749954 147.52512912222812
154.749954 157.53193183445384
154.749954 167.53565170446169
163.61789181342448 168.663269
171.727753 166.78003391454496
171.727753 156.7694894713161
171.727753 146.784017001611
171.727753 136.77425788206978
171.727753 126.78269057536744
171.727753 116.78292847412865
171.727753 106.77154029116139
171.727753 96.76816392720573
171.727753 86.76950706051252
171.727753 76.77232407870133
164.11669110483987 74.385178
155.089111 75.34964710784047
155.089111 85.34735909985295
155.089111 95.35641062188877
155.089111 105.35799385532688
152.47575695625747 112.743645
142.47761200465837 112.74364499999999
132.48046182592245 112.743645
132.368591 102.84599453514956
132.368591 92.84766714615986
132.368591 82.84470614646284
132.368591 72.85989080569959
132.368591 62.842576969091894
132.368591 52.85232022193865
132.368591 42.85071418283273
132.368591 32.84837163979224
132.368591 22.855981589646277
132.368591 12.847319611321918
141.8268109613257 12.304481
151.82195943917992 12.304481
154.895584 19.220263413060934
154.89558400000004 29.23208024491563
154.895584 39.2278718914458
154.895584 49.226075256460625
163.47233900606298 50.647655
171.799591 48.96282803413891
171.799591 38.96129634000466
171.799591 28.97505535447693
171.799591 18.977182120053065
175.2302514017977 12.400371
185.22420182891986 12.400371
193.880463 13.749684562810998
193.88046300000002 23.74268586647301
193.880463 33.74460592185629
193.880463 43.75164533642149
196.90077558844973 50.728699
206.89882851496697 50.728699
210.78476 44.60928119472222
210.78476 34.60889236706959
210.78476 24.609672431180417
210.78476 14.608291842896046
218.4896415822421 12.319475
228.49189909751587 12.319475
233.745056 17.06597567424619
233.745056 27.06785723492992
233.74505599999998 37.065597096723344
233.74505599999998 47.06225966345855
233.745056 57.060909338967605
233.745056 67.0646105270826
233.745056 77.07642763163562
233.745056 87.07490282750553
233.745056 97.06298513306996
233.745056 107.0681854400369
229.31674981056585 112.632401
219.31541072741328 112.63240099999999
211.054077 110.88159054741732
211.054077 100.88942171829356
211.054077 90.88397791659094
211.054077 80.87992271649586
207.7028582890649 74.238472
197.70743936857133 74.238472
194.3508 80.88807516097057
194.3508 90.88518246943414
194.3508 100.8839579377653
194.3508 110.8866936404468
194.3508 120.88415935820409
194.3508 130.87861375941253
194.3508 140.895394080552
194.3508 150.87900811773707
194.3508 160.87784235385402
196.5275104065019 168.713074
206.52891279102164 168.713074
210.753632 162.94653299483718
210.753632 152.9478880775668
210.753632 142.93646902740585
210.753632 132.95066706548127
218.14704309909038 130.335052
228.14585115403466 130.335052
233.83456399999997 134.64619449382096
233.834564 144.63976718664043
233.834564 154.65059654768493
233.834564 164.6533631452733
239.86746315081123 168.617004
249.8659506035175 168.617004
249.91526799999997 158.67511792231107
249.915268 148.67032582495648
249.915268 138.67659903143488
251.51047338190978 130.254272
261.4967187259533 130.254272
271.495049115941 130.254272
272.819092 138.92924955302735
272.819092 148.94276579488744
272.819092 158.92711526523544
273.04850965361027 168.69805900000003
283.05281685601807 168.698059
288.762329 164.41301884133165
288.762329 154.39929161824298
288.762329 144.40472029047237
288.76232899999997 134.40237305634085
288.762329 124.41132050233054
288.762329 114.40463892520611
288.762329 104.41292619803835
288.762329 94.40927866142093
288.762329 84.41289785161032
288.762329 74.39687000574833
278.8185549824051 74.35055499999999
273.19696 78.73969034538166
273.19696 88.73110935274507
273.19696 98.7369245678837
273.19696 108.72772686921978
267.0645367435117 112.60127299999999
257.05657870281595 112.60127299999999
250.334198 109.3336125020547
250.334198 99.33143928455353
250.334198 89.33445530630182
250.334198 79.32939999467615
250.334198 69.32744005477886
250.334198 59.33979453187729
250.334198 49.340965341939075
250.334198 39.32989752104004
250.334198 29.330122728503323
250.334198 19.340695096012425
253.26435559550285 12.270067
263.26572605556026 12.270067
272.787567 12.751809728861
272.787567 22.760934872516675
272.787567 32.75453412593772
272.787567 42.755463489734474
274.8633435039062 50.68219799999999
284.85178715625 50.682198
288.868256 44.69752634334376
288.86825600000003 34.700562108421174
288.868256 24.693611853223736
288.868256 14.698503616026255
296.5467584306179 12.366063
306.534406672773 12.366063
311.9489750000001 16.950086602996564
311.94897499999996 26.95096293485247
311.948975 36.95149919125103
311.948975 46.95576184885841
318.1545518724827 50.763069
328.1396089306743 50.763069
328.853333 41.46283670913196
328.853333 31.469376009479824
328.853333 21.461382056336305
329.66204250100384 12.285157999999997
339.67717499558904 12.285157999999997
349.65919928711793 12.285158
350.6026 21.354601633468516
350.6026 31.357926945384065
350.6026 41.345934011375604
350.6026 51.34436353884506
350.6026 61.35456786544893
350.6026 71.35337529923176
350.6026 81.34202730773579
350.6026 91.34634684999003
350.6026 101.34302219400894
350.6026 111.35793702885577
341.9122672159308 112.666718
331.9099874777254 112.666718
329.161926 105.4188688681881
329.161926 95.41819442955781
329.161926 85.42442579075707
329.161926 75.42629725400278
320.20574106832885 74.381203
312.316559 76.4932893019118
312.316559 86.4933878874981
312.316559 96.4981235402254
312.316559 106.49752968033589
312.316559 116.49310830869658
312.316559 126.49786976444535
312.316559 136.5018026317965
312.316559 146.49483584148948
312.316559 156.50151197356092
312.316559 166.50017223206012
320.0651162803761 168.747467
328.822205 167.50081411149964
328.822205 157.51509882887322
328.82220500000005 147.50548042088374
328.822205 137.50033029722152
331.6241631999884 130.30072
341.6207498135852 130.30072
350.58560200000005 131.32308349513391
350.585602 141.33290148398257
350.58560200000005 151.32872349588638
350.58560200000005 161.3360988372094
350.585602 171.33177781006125
350.58560199999994 181.3291058400581
350.58560200000005 191.3292228083216
350.585602 201.33325991328235
350.585602 211.3300324303416
350.585602 221.33291475797154
349.89709397634016 230.651154
339.898875165579 230.651154
329.91047801209453 230.651154
329.19305399999996 221.36821439079338
329.1930540000001 211.35578865264085
329.193054 201.3640235668158
328.1534970190539 192.39679000000004
318.1634881071201 192.39679
312.332092 196.56917158357433
312.332092 206.569367039115
312.332092 216.57741826908384
312.332092 226.5716478009238
312.33209199999993 236.57630068164625
312.332092 246.56963661071646
312.332092 256.5759336815409
312.332092 266.57337704268326
312.332092 276.5631464064166
312.332092 286.56958729098767
322.1650915470136 286.731873
328.791107 283.3565210655929
328.79110700000007 273.3490358496766
328.791107 263.3521696288347
328.791107 253.36147659171064
333.75141295456666 248.316284
343.7584420133803 248.316284
350.74823000000004 251.32670968476182
350.74823 261.31982958702525
350.74823 271.31998129643677
350.7482299999999 281.3302542083172
350.7482299999999 291.32930915816047
350.74823 301.3202395611759
350.74823 311.3183593742019
350.74823000000004 321.31450228893425
350.74823 331.3239809624405
350.74823 341.325279630006
348.0666590983237 348.6355899999999
338.05686650910764 348.63559
329.22229 347.47242917351434
329.22229 337.47357010555953
329.22229000000004 327.47993377763714
329.22229 317.46696721242876
326.28867971409227 310.41326900000007
316.2794776858306 310.413269
312.143341 316.2642988210468
312.143341 326.2701880652872
312.143341 336.26610058288435
312.143341 346.2629445034618
304.58965583219526 348.716492
294.5956374293313 348.716492
289.239258 344.0570583997527
289.239258 334.0621699978409
289.239258 324.06007978993364
289.239258 314.06955689663386
282.96709543645346 310.331268
273.15856899999994 310.5173548555656
273.158569 320.517000024518
273.158569 330.50952157943914
273.158569 340.5084415357112
271.25843180307135 348.620483
261.2560031247995 348.62048300000004
251.26175159743295 348.62048300000004
250.314972 339.56970369761126
250.314972 329.5630549422913
250.31497199999998 319.56406207080346
250.314972 309.559215225624
250.31497199999998 299.5717093925251
250.314972 289.575805990847
250.314972 279.5702205019143
250.314972 269.56595082869893
250.314972 259.57405795123145
250.314972 249.56873502476452
259.0054942511788 248.250854
268.99521979423366 248.250854
272.825928 254.41497159708794
272.825928 264.4204586638921
272.825928 274.4243497199469
272.825928 284.41629581913276
280.54039118785715 286.70147699999995
288.588196 284.7336996245625
288.588196 274.75114183242033
288.588196 264.73391195671
288.58819600000004 254.7493608067795
288.58819600000004 244.75021985627563
288.588196 234.73503804944215
288.588196 224.7485338009517
288.588196 214.74326698271096
288.588196 204.74098431256314
288.588196 194.74040906052653
280.97916778157844 192.347153
273.1901250000001 194.55284359503185
273.190125 204.54460100328163
273.190125 214.55564725105035
273.190125 224.5583203138799
269.24516341025907 230.604706
259.2425859063818 230.60470599999996
250.109528 229.7350201019519
250.109528 219.73598266246535
250.109528 209.73406986107676
250.109528 199.73187933741139
247.57706074200436 192.266083
237.58459979590532 192.26608300000004
234.20501699999997 198.8931464964628
234.205017 208.88346645630023
234.205017 218.88822434756315
234.205017 228.89275791426616
226.00150892848205 230.685486
215.9952435096588 230.685486
211.124451 225.55384903248125
211.12445099999997 215.55233975236328
211.124451 205.56750171068867
211.12445100000002 195.56430276443297
204.31775867006712 192.36239599999996
194.33116648248313 192.362396
194.29782100000003 202.3285731060791
194.297821 212.3427217074642
194.297821 222.33918565808452
194.297821 232.34395695010352
194.297821 242.33712732483045
194.297821 252.34469163695246
194.297821 262.3466403336777
194.297821 272.3458806198956
194.297821 282.34527812541654
200.04359685717228 286.588867
210.04406560863663 286.588867
210.859711 277.401859928729
210.859711 267.40535113403735
210.859711 257.39777842888674
211.73876226770525 248.281967
221.73873256216422 248.28196700000004
231.7492544713378 248.281967
233.605789 256.414671145
233.605789 266.40718235862806
233.60578900000002 276.42036035145657
233.605789 286.41895088998245
233.605789 296.4165125628359
233.605789 306.41438806626
233.605789 316.41390998440676
233.60578900000002 326.4164008204526
233.60578900000002 336.41085384385656
233.605789 346.4231869977126
225.861856006433 348.669922
215.8649159954909 348.669922
211.15557899999996 343.36898484697315
211.155579 333.36804547724637
211.155579 323.3681662262403
211.155579 313.37536126914495
204.15403844495202 310.37799099999995
194.31335399999998 310.5387383389205
194.313354 320.54087392805417
194.313354 330.5467362360417
194.313354 340.5464052806443
194.313354 350.52992592418605
194.313354 360.5448742751423
194.313354 370.54676888720917
194.313354 380.5370968305932
194.313354 390.5404424254159
194.313354 400.5352021656078
200.10230115973238 404.750671
210.09794611524575 404.750671
210.82858300000004 395.4718233789283
210.828583 385.46989867836874
210.828583 375.48054438851125
211.65039081686146 366.29754599999995
221.6401966183604 366.297546
231.6515278947713 366.297546
233.99967080368805 373.94319394047056
233.9960638728829 383.9519802382754
233.99019244190342 393.938684881636
233.9845995970482 403.947482748703
233.98187055522084 413.95626526278295
233.98456525983664 423.94292398267464
233.99526470044893 433.95163358332763
234.01648314613834 443.9381914623636
234.0508835499143 453.9467718485338
233.8945324404336 463.9397971810951
225.52637659950219 466.95042844558117
215.52685851111698 466.9647704325786
211.221161 461.30222460918134
211.221161 451.3027045285775
211.221161 441.30504761726513
211.221161 431.3030045825139
204.12198692825157 428.41195700000003
194.34664899999999 428.64085306390984
194.346649 438.6484608820152
194.346649 448.64335545266835
194.346649 458.6380357774012
194.346649 468.64504506406007
194.34664899999999 478.63093273497077
194.346649 488.6312203321016
194.346649 498.6469838698479
194.346649 508.63302789012573
194.346649 518.6365328714047
200.26453062720427 522.717285
210.26833867241658 522.717285
210.76190199999996 513.2168117154592
210.761902 503.2031072282267
210.76190199999996 493.21065025380403
211.87374289642335 484.3309330000001
221.87381412230502 484.33093299999996
231.8826773311738 484.330933
233.842834 492.3625255481753
233.842834 502.3674429777481
233.84283400000004 512.3673824884523
233.84283400000004 522.3740338650377
243.59378800017484 522.621155
249.923553 518.9608169305417
249.92355300000003 508.9617867976014
249.92355300000003 498.95241420765774
249.923553 488.95033570172075
255.2304949958003 484.2501219999999
265.22338121676137 484.250122
272.827393 486.6521274616218
272.827393 496.64564965534237
272.827393 506.6447474754947
272.827393 516.6400556801723
276.7704983957262 522.7022090000002
286.76995536378 522.702209
288.58923300000004 514.5306302769799
288.589233 504.51766152911216
288.589233 494.51501269296386
288.589233 484.52131204877765
288.589233 474.5236936038083
288.589233 464.532299092666
288.589233 454.5226989959685
288.589233 444.516614258651
288.589233 434.52436169855173
284.755612510427 428.346436
274.7698820829904 428.346436
273.188721 436.761460923146
273.188721 446.7717556412533
273.188721 456.774388649823
273.02989503414193 466.605408
263.0246339315534 466.60540800000007
253.03269617616698 466.605408
250.330078 459.2985267533983
250.330078 449.30299901611363
250.330078 439.3006977468628
250.330078 429.290506635655
250.33007800000001 419.3080275186742
250.330078 409.29099929633725
250.33007800000001 399.2995653595333
250.330078 389.2959075285337
250.330078 379.2912251581913
250.330078 369.29679095175453
257.29778665439363 366.26593
267.2892265523206 366.26593
272.795776 370.7572043998029
272.795776 380.77395328623163
272.795776 390.7618448937108
272.795776 400.7628046255845
278.8818360918924 404.68634
288.8685113583533 404.68634
288.876465 394.6917257927839
288.876465 384.68666865462245
288.876465 374.6908293900194
290.5515232398824 366.361969
300.54480135011806 366.361969
310.5550991829796 366.361969
311.780731 375.14131203833676
311.780731 385.1399588167568
311.780731 395.1268131673331
312.3180229649048 404.59008800000004
322.32343743621135 404.59008800000004
328.861511 401.1207184825261
328.861511 391.1289460077263
328.861511 381.1341574816112
328.861511 371.12409849824246
334.0217582649102 366.281067
344.01057771076023 366.281067
350.60672 369.6948449263747
350.60672 379.69673654186323
350.60672 389.68186532677726
350.60672000000005 399.68824411213023
350.60672000000005 409.68060348855704
350.60671999999994 419.69701738467984
350.60672 429.6898547432626
350.60672 439.69721499459064
350.60672 449.68355868767446
350.60672 459.6870668785521
347.5888021467748 466.670837
337.5799310223524 466.670837
329.153748 465.1072102567455
329.153748 455.1050135624857
329.153748 445.10548010825863
329.15374799999995 435.11340034341475
325.88847650145317 428.377075
315.8873085167294 428.377075
312.31243900000004 434.80799771441315
312.31243900000004 444.8014757518384
312.312439 454.799490399776
312.312439 464.80362695733777
312.312439 474.8154707236355
312.312439 484.8135580358057
312.312439 494.7993939171349
312.312439 504.79756773192304
312.312439 514.8096430134675
314.3731965265575 522.751587
324.35988199013815 522.751587
328.830383 517.2186891704764
328.830383 507.21326277958934
328.830383 497.21305001998064
328.830383 487.2088591450896
335.9065001861446 484.29663099999993
345.90825843874586 484.296631
350.734497 489.47911467491537
350.734497 499.4803326121821
350.734497 509.4833217421723
350.7344969999999 519.4661225461977
357.55513059837017 522.655518
367.54522400530243 522.655518
367.815216 512.920283895699
367.815216 502.9209191239483
367.815216 492.92505826207923
369.28646735449536 484.392548
379.281410375 484.3925479999999
389.29713508292855 484.392548
390.895966 492.7936046163567
390.895966 502.7819247273714
390.895966 512.7828373304374
390.9441033269271 522.736694
400.9384379333646 522.736694
406.62448099999995 518.4209463842544
406.62448099999995 508.40903620962115
406.62448100000006 498.4142755928641
406.624481 488.41177680302496
406.624481 478.42263904630465
406.624481 468.4219611346234
406.62448099999995 458.4078265165939
406.62448099999995 448.4130115099998
406.62448100000006 438.41261776251827
406.624481 428.4048178339455
396.72163442547037 428.311951
391.12011699999994 432.70004689293455
391.120117 442.7051523744335
391.120117 452.70605240405723
391.12011699999994 462.7013262910972
385.0528196321885 466.63974
375.05781888763454 466.6397400000001
368.295715 463.39711478241117
368.295715 453.40095417237836
368.295715 443.40263961028313
368.2957149999999 433.39958190539716
368.29571500000003 423.3891918669921
368.295715 413.3933342558859
368.295715 403.39727689670195
368.295715 393.3985091892292
368.295715 383.39453924988334
368.295715 373.4075189932368
371.3147779880678 366.40838599999995
381.30664477420936 366.408386
390.8643799999999 366.8510655068626
390.86438 376.84367423384333
390.86438 386.85220525404713
390.86438 396.85225317910397
392.9892186630891 404.72079499999995
402.9850944101143 404.72079500000007
406.76885999999996 398.50040426225337
406.76886 388.4898504351295
406.76886 378.49115255641243
406.76886 368.5035156418772
414.60088396294634 366.32760599999995
424.5973385996976 366.327606
429.849365 371.0733831740122
429.8493649999999 381.07701311153374
429.849365 391.0743493434032
429.849365 401.07895069279795
436.3103169168386 404.624481
446.30513849755283 404.624481
446.930176 395.24667113648684
446.930176 385.25710412923934
446.9301760000001 375.2488098793182
447.9351820713804 366.246704
457.91829270100817 366.246704
467.9155198508501 366.246704
468.64105199999995 375.5407139259243
468.641052 385.53295400412674
468.641052 395.5281866818931
468.641052 405.54046831196547
468.641052 415.5348807112451
468.64105199999995 425.5377032407396
468.64105199999995 435.526186250235
468.641052 445.5266282658433
468.641052 455.5408221108311
468.641052 465.5212335035965
459.80733803662497 466.70519999999993
449.80855655677954 466.7052
447.26184100000006 459.26372173474
447.26184100000006 449.25934596717576
447.261841 439.2510077195327
447.261841 429.26058827502726
438.18097675387145 428.342651
430.278168 430.4428809086529
430.278168 440.43699891793085
430.278168 450.44166191745563
430.278168 460.44876184937164
430.27816800000005 470.4386921933475
430.278168 480.4377458819868
430.278168 490.4492678595472
430.278168 500.4419950572376
430.27816799999994 510.4421772874811
430.278168 520.441454795035
438.11384027616464 522.608887
446.899048 521.3864405164633
446.899048 511.3975668981772
446.89904799999994 501.3905221517406
446.899048 491.3859946297497
449.76702081457853 484.262268
459.77068823966044 484.26226799999995
468.803101 485.2276742022927
468.803101 495.2339794163283
468.8031010000001 505.217130397812
468.80310099999997 515.2211139054835
471.34417252255855 522.6899409999999
481.33758446150057 522.689941
485.88385 517.2365541562526
485.88385 507.2300809236882
485.88384999999994 497.24255090301955
485.88385 487.2377783063486
493.0093312320881 484.358185
502.99968787928805 484.35818499999993
507.7883 489.57273717610974
507.78830000000005 499.5761718765281
507.78830000000005 509.56752403162557
507.7883 519.5713207960623
514.7734330240273 522.593872
524.6585689999999 522.4793644002449
524.658569 512.4900862278772
524.658569 502.4916868781745
524.658569 492.4829943430784
524.658569 482.4858326386208
524.658569 472.4760943107642
524.658569 462.47567452382583
524.658569 452.4835158552668
524.658569 442.4754440469412
524.658569 432.47348438572135
518.8702588795522 428.277527
508.8568628706089 428.277527
508.2276309999999 437.63843591895306
508.227631 447.63645912746045
508.227631 457.64603744649094
507.25112144859395 466.674316
497.26615895021513 466.674316
487.2669904378314 466.674316
486.26116899999994 457.676643225341
486.261169 447.6810195415356
486.26116900000005 437.6750339863107
486.261169 427.66790814110664
486.261169 417.66886915484565
486.261169 407.6749482648291
486.261169 397.67094640145314
486.261169 387.66615510876056
486.261169 377.66995156280865
486.261169 367.6795181688363
494.96303387430794 366.37381
504.9619786101995 366.37381
507.933533 373.4075130745965
507.933533 383.40752669697014
507.933533 393.4011554194375
507.933533 403.40832569305184
516.5835668458781 404.75531
524.643005 402.82362138900567
524.643005 392.8201460938171
524.643005 382.8149084911725
524.643005 372.81720727463295
524.6430050000001 362.81334194592347
524.643005 352.81263805073536
524.643005 342.82447473642526
524.643005 332.82364040601277
524.643005 322.8079561228178
524.643005 312.82162590432864
517.158159232483 310.2931520000001
508.25885 311.3804909910845
508.25885 321.3902853060965
508.25885 331.39183516170266
508.25885 341.3834379445793
505.53265111495034 348.6586909999999
495.5336350412051 348.658691
486.27676399999996 347.91380344312364
486.276764 337.91472856054645
486.276764 327.9051446407086
486.276764 317.91886154088434
486.276764 307.91644761133455
486.276764 297.90729887366234
486.27676400000007 287.9130840144802
486.27676400000007 277.9065796614528
486.276764 267.92182540483344
486.276764 257.91934211445226
486.7458534848449 248.38942
496.76080265742985 248.38942
506.74695778989883 248.38942
507.90234399999997 257.2416286628763
507.902344 267.235318323419
507.9023440000001 277.2397649095406
508.39488103423895 286.739685
518.4037391812968 286.739685
524.627441 282.9737695061339
524.627441 272.959524943669
524.627441 262.9631703935144
524.627441 252.95976087521714
524.627441 242.97034453692652
524.627441 232.96996667166098
524.627441 222.95666006670274
524.627441 212.9747075896239
524.627441 202.97605599231684
524.627441 192.9587651334161
515.2804107781202 192.308807
508.113586 195.13162997886283
508.11358600000005 205.14447043992948
508.113586 215.14109996158248
508.113586 225.1398468083047
503.6107006575405 230.643097
493.62132577302356 230.643097
486.209137 228.05368010935632
486.209137 218.0570599889858
486.209137 208.04851692049976
486.209137 198.05822093025728
481.855886212187 192.404846
471.86284077876013 192.404846
469.128357 199.6733605679737
469.128357 209.67962269951477
469.128357 219.67053268630502
469.128357 229.67776604065466
460.1765606974238 230.72403000000003
450.181603892056 230.72403
447.224243 223.6820026897533
447.224243 213.68032215996797
447.224243 203.67377098611001
447.224243 193.67919512451462
438.569580809265 192.323792
430.259338 194.00239434852566
430.259338 204.0007998052588
430.259338 214.00607097599206
430.259338 224.01034351500422
430.259338 234.00575766139642
430.259338 244.00741888039397
430.259338 254.00743224624674
430.259338 263.99783265124415
430.259338 274.00520471091403
430.259338 284.009971867867
437.6303471732139 286.62774699999994
446.936707 285.92080360932084
446.936707 275.92032834398157
446.936707 265.92261058083477
446.936707 255.9247201226874
449.24350537769044 248.243408
459.24515580301386 248.24340800000002
468.64434800000004 248.85503405359782
468.64434800000004 258.8610210502585
468.644348 268.84341006942464
468.644348 278.85298918802556
468.644348 288.8426605621841
468.644348 298.850993173481
468.644348 308.8430676626869
468.64434800000004 318.85749335520126
468.6443479999999 328.8592699241659
468.64434800000004 338.8501344973582
468.5015252282796 348.70846600000004
458.4994315138162 348.708466
448.5010585714865 348.708466
447.25531 339.94623892381287
447.25531 329.9458614690424
447.25531 319.96112892686284
446.8738004551582 310.339386
436.8778488767904 310.339386
430.17453 313.6441829728929
430.17453 323.6490882379192
430.17453 333.65212908480987
430.17453 343.64560875358427
425.1430462024701 348.612579
415.1491266524923 348.612579
407.093781 346.66574406710356
407.093781 336.66712429142433
407.0937809999999 326.6530534810354
407.093781 316.6622959717218
403.50280346186594 310.258179
393.5069189979133 310.258179
391.18927 317.9571646562814
391.18926999999996 327.942711905255
391.18927 337.95685922746395
391.1892700000001 347.9495339946574
381.93983828746417 348.69335900000004
371.9364140141895 348.693359
368.242126 342.3745098569646
368.242126 332.3888614360412
368.242126 322.3844684492616
368.2421259999999 312.38259607611104
368.24212600000004 302.3800252305099
368.24212600000004 292.3735368263783
368.242126 282.384406285566
368.242126 272.3849784236134
368.242126 262.384338005319
368.242126 252.39165924476333
374.20890359958764 248.354767
384.2125127476737 248.354767
390.795227 251.77805981426766
390.795227 261.7799887926304
390.79522700000007 271.77699000315454
390.795227 281.77638229131094
395.96854730328363 286.597229
405.9675366267238 286.597229
406.6621400000001 277.2930098585378
406.66214 267.29313200217575
406.66214 257.28362080949046
406.66214 247.28625626535128
406.66214 237.2883971553753
406.66214 227.2888835830021
406.66214 217.28656389810374
406.66214 207.28029467311
406.66214 197.2805245570684
401.67034914785745 192.274048
391.670093432576 192.274048
391.220856 201.82652497802925
391.220856 211.80987847141978
391.220856 221.82110915619444
390.08590535354614 230.677567
380.07707685343314 230.677567
370.07902594384217 230.677567
368.25790399999994 222.5087954332167
368.25790399999994 212.49846173167074
368.257904 202.49075162822822
368.257904 192.49484693498516
368.257904 182.49549875437427
368.257904 172.48967859627595
368.257904 162.49885935209306
368.25790400000005 152.4955797100402
368.257904 142.50141044549852
368.257904 132.50117881391054
376.1346145292693 130.37056
386.1298580993836 130.37056
390.93988 135.56453479397808
390.93988 145.5617123464241
390.9398800000001 155.56444638158985
390.93988 165.5559562933811
397.7437780157685 168.75872799999996
406.646393 167.65457257582898
406.646393 157.67149077509634
406.646393 147.66441048499854
406.64639299999993 137.6655917033233
406.646393 127.66128887460113
406.646393 117.66078445707198
406.646393 107.67341187373476
406.646393 97.67391720398379
406.646393 87.6600794427559
406.646393 77.6644560782019
400.0228924447249 74.28987899999998
391.2523800000001 75.52557276895938
391.25238 85.5229192819743
391.25238 95.52772679262029
391.25238 105.52050657034164
388.3940598111863 112.661758
378.39657207793186 112.66175799999999
368.3859506756916 112.661758
368.273712 102.78204215603093
368.27371199999993 92.78263831361686
368.27371199999993 82.78284762641104
368.273712 72.77982213334137
368.273712 62.78293987274034
368.27371200000005 52.777152148553995
368.273712 42.78413078400258
368.273712 32.77660698766773
368.27371200000005 22.77635813923915
368.273712 12.780725435111998
377.88084153784445 12.386362
387.8855668678715 12.386362
390.908325 19.36574761366719
390.908325 29.352141677618505
390.908325 39.36191081885904
390.908325 49.356484792118025
399.5281306078555 50.742882
406.812836 48.02899969300658
406.812836 38.02745797767479
406.81283600000006 28.030215791851848
406.812836 18.02986968268682
411.0872302988579 12.305572999999999
421.0929494925132 12.305572999999999
429.89340200000004 13.503559409973144
429.89340200000004 23.489781208185224
429.893402 33.50299619831371
429.893402 43.50661781477427
432.74738028065866 50.646561
442.74632367830964 50.646561
446.797424 44.70510888009305
446.797424 34.69334548033472
446.797424 24.69451320897997
446.797424 14.702135617345945
454.4922842650247 12.401464000000002
464.4905333200743 12.401464
468.66308599999996 18.228681525051915
468.6630860000001 28.2305850996452
468.663086 38.24023169379805
468.66308599999996 48.23421166547435
468.66308599999996 58.237958442168406
468.663086 68.22800208293584
468.663086 78.22981125985537
468.663086 88.24440793661373
468.663086 98.23591839945188
468.663086 108.24214770571493
463.15687727745376 112.72721900000002
453.14447854615685 112.727219
447.217834 108.66891933015302
447.217834 98.66365959468294
447.217834 88.66324889032555
447.217834 78.6643331903862
441.559744169143 74.320602
431.55844456687714 74.320602
430.25616499999995 83.01265295266491
430.25616500000007 93.0096583351983
430.256165 103.02699021031404
430.25616500000007 113.02237078825793
430.256165 123.02244348151075
430.25616500000007 133.0078542648577
430.256165 143.0167520544514
430.256165 153.01819984711616
430.256165 163.0272760755156
434.63453995933463 168.630951
444.63619521613276 168.630951
446.943054 160.9387128019019
446.94305399999996 150.93159643026678
446.94305399999996 140.93336399133716
446.943054 130.92317664593133
456.24487438316027 130.240234
466.25727870715065 130.240234
468.847198 137.6497724579652
468.847198 147.65244233874
468.84719799999993 157.64747895995814
468.847198 167.6457637558841
477.78107970717 168.712021
485.751526 166.6817347727932
485.751526 156.67511410191665
485.75152600000007 146.6805111271285
485.751526 136.67959012764697
489.4072383203484 130.33609
499.4125324369254 130.33609
507.83239699999996 131.915806541682
507.832397 141.90672503961886
507.832397 151.9020702690211
507.832397 161.91432313048438
511.1298898128043 168.615967
521.1339909686701 168.615967
524.6806640000001 162.1661155947488
524.680664 152.17777413376237
524.680664 142.1721403787578
524.680664 132.1822034981617
524.680664 122.17200409497714
524.680664 112.17459690837627
524.680664 102.16550571761162
524.680664 92.16636462315452
524.680664 82.17580471395269
522.5956005870099 74.255371
512.5886119878807 74.255371
508.18347200000005 79.83596399807604
508.183472 89.83340447035641
508.18347199999994 99.8511891884211
508.183472 109.83988785325973
501.0445007859937 112.696426
491.0408847670591 112.696426
486.2390439999999 107.5025503991843
486.239044 97.4893688751138
486.239044 87.49500835679225
486.23904400000004 77.50397831874082
486.239044 67.50080454637113
486.239044 57.494461290397226
486.239044 47.49393829549371
486.239044 37.49602092301391
486.2390439999999 27.497518286442332
486.239044 17.49526317858107
491.09141137837196 12.351703000000002
501.1015040083194 12.351703
507.80127 15.64772197804455
507.80127 25.653752396520694
507.80127 35.6512141752644
507.80126999999993 45.64818236887456
512.8498571894531 50.60035299999999
522.8419656187248 50.600353
525.026733 42.77262836856659
525.026733 32.78023902732093
525.026733 22.77975397154436
525.389574131916 13.06570151995468
527.9689839443139 21.243207956989604
527.9987194106587 31.249476404369638
528.0021126496346 41.243511009472854
527.9974807290039 51.243811364013666
520.4021284251639 53.64615599999999
510.4080154893828 53.646156
505.20294199999995 48.83408651934086
505.202942 38.84527812839775
505.202942 28.83736398200047
505.202942 18.840448648501045
498.6465725313947 15.401856000000002
489.33694499999996 16.08919209924408
489.336945 26.093983094438297
489.336945 36.09572998783603
489.336945 46.09563098399659
489.336945 56.094875877023554
489.336945 66.09464607478624
489.336945 76.09611462311358
489.336945 86.10044622996
489.336945 96.08566447650404
489.336945 106.08755667458956
495.7061622375957 109.72686800000001
504.780945 108.80112129178403
504.780945 98.79593920293495
504.780945 88.80170039119905
504.7809449999999 78.79602606819736
507.29621618343435 71.321548
517.3022634994701 71.321548
527.2953115044222 71.321548
527.742981 80.88465611599852
527.742981 90.88279489842463
527.742981 100.87859642818943
527.742981 110.8751000913891
527.742981 120.87534527411984
527.7429809999999 130.8823713624778
527.742981 140.87471223171133
527.742981 150.87984257716147
527.742981 160.87619664626374
527.742981 170.87895871859422
518.4878132275993 171.63031
508.49212602977406 171.63031
505.05838 165.07503860854723
505.05838 155.07260553942604
505.05837999999994 145.06262120427704
505.05838000000006 135.06088354816055
496.88012175746206 133.240402
489.15387 135.51669775514253
489.15387 145.50520726158467
489.15387 155.5086085857404
489.15387 165.50097539240195
485.34767551860386 171.711121
475.3621239232674 171.711121
466.250031 170.825586776906
466.25003100000004 160.8093728529074
466.250031 150.82546326758538
466.250031 140.81815470268464
463.7267887939223 133.336731
453.733444187868 133.336731
449.16925 138.77866845918126
449.16925 148.77155198461733
449.1692499999999 158.7705002908298
449.16925 168.76786692403266
442.0050845021881 171.61523400000002
432.01740321367976 171.615234
427.32018999999997 166.3046906575673
427.32019 156.30323259429193
427.32019 146.30905231126758
427.32019 136.30870986263395
427.32019 126.30097458247387
427.32019 116.30911719534191
427.32019 106.30745676682686
427.32019 96.29477163584833
427.32019 86.29442701728911
427.32019 76.30530449539006
432.278788959198 71.256088
442.2739587709045 71.256088
448.815491 74.71509496683028
448.81549099999995 84.70323852828488
448.815491 94.70589952070058
448.81549099999995 104.7122590637326
453.82618636533766 109.696121
463.82379974539754 109.696121
465.76046800000006 101.624368859581
465.76046800000006 91.62674255824325
465.760468 81.62347694876088
465.76046799999995 71.62217271693738
465.760468 61.61892092968656
465.76046799999995 51.6328317993856
465.760468 41.62550804558306
465.760468 31.62763661213684
465.760468 21.623892927089457
462.03608237069295 15.352322
452.0265320313772 15.352322000000001
449.200317 22.51727651758941
449.200317 32.516637869356146
449.2003169999999 42.52619355451564
449.200317 52.51495507655759
440.28158171527093 53.599655000000006
430.27871940401417 53.599655
427.119476 46.750871133454496
427.11947599999996 36.76109339192522
427.1194760000001 26.7543364362142
427.119476 16.75406519557794
418.60705651752335 15.271262999999998
410.215149 16.883094477747633
410.215149 26.876763741973303
410.215149 36.87733726078111
410.215149 46.870235203778535
407.0174854603346 53.680573
397.02218830099474 53.680573
388.134277 52.561017824820574
388.134277 42.560378562411216
388.134277 32.5563836238997
388.134277 22.57003071112361
385.33115790085407 15.367311999999998
375.33071766314816 15.367311999999998
371.30273400000004 21.344117127318327
371.302734 31.344724924301545
371.302734 41.34802094816307
371.30273399999993 51.33271932164725
371.302734 61.34655590976568
371.302734 71.34520823411881
371.302734 81.33033112376683
371.302734 91.33820655296984
371.302734 101.33588685256268
372.88100459005767 109.761345
382.889651923247 109.761345
387.849884 104.72164367278118
387.849884 94.7244228054614
387.849884 84.72406719572838
387.849884 74.7284212127698
394.413288993654 71.28686499999999
404.41186397991294 71.286865
409.600891 76.08832233920614
409.600891 86.08690819454492
409.60089100000005 96.09431007700248
409.60089099999993 106.08742271008565
409.600891 116.0919745685509
409.60089100000005 126.08478821395072
409.60089099999993 136.09163186598943
409.600891 146.08924318268953
409.600891 156.09112989092097
409.600891 166.08619982217473
405.16518720245614 171.665009
395.1779265537883 171.665009
388.1654050000001 168.67270608755445
388.165405 158.6799915958199
388.165405 148.67676904977918
388.165405 138.66930346623099
383.4525437953811 133.38291899999996
373.4466419375 133.382919
371.31826799999993 141.2453987660318
371.31826800000005 151.24675346509682
371.318268 161.24244027675533
371.318268 171.24544043330553
371.318268 181.2457418525142
371.318268 191.24480780811493
371.318268 201.24409129600946
371.318268 211.24503506395314
371.318268 221.23749726452965
374.82319602750056 227.745758
384.8119164482687 227.74575799999997
387.818787 220.7483348028997
387.818787 210.74334983237932
387.81878699999993 200.7529230642862
387.818787 190.7508469422375
396.3719717046286 189.302429
406.3801557005385 189.302429
409.762085 195.91742666647212
409.762085 205.90580417164352
409.762085 215.91235266402828
409.762085 225.91585019832212
409.76208500000007 235.91956653525946
409.76208500000007 245.9145342290074
409.76208500000007 255.9162397454528
409.762085 265.9156792075557
409.762085 275.9160558331214
409.762085 285.90824716507535
403.4946143128136 289.649414
393.4932308207275 289.649414
388.1964720000001 284.945096177406
388.19647199999997 274.952396855338
388.196472 264.94423841705594
388.1964720000001 254.9499290268664
381.7505865276372 251.398499
371.75297522471595 251.398499
371.333801 260.98150036381526
371.333801 270.98461359006495
371.333801 280.9851098260808
371.333801 290.98423617168726
371.333801 300.98323096092287
371.333801 310.98332378731527
371.333801 320.98573552912774
371.333801 330.98011499978963
371.333801 340.97919003199405
376.5885881937848 345.730164
386.5840249764055 345.730164
387.78768900000006 336.9325383907394
387.78768900000006 326.93213722301755
387.787689 316.92801721926145
388.1768281301225 307.317993
398.17658052225363 307.31799299999994
408.17689944203613 307.317993
409.86856099999994 315.6303282743137
409.86856100000006 325.62919650142027
409.868561 335.63169722961914
409.868561 345.6245974131774
419.85248779849593 345.634094
426.949341 342.72765358870606
426.94934100000006 332.7308206627386
426.94934099999995 322.7188790267735
426.949341 312.7260229638491
431.4715100057773 307.237091
441.46317586141356 307.2370910000001
448.853455 309.8513953657713
448.85345500000005 319.84639829880246
448.85345500000005 329.8537603148202
448.85345500000005 339.8478289868402
452.99313927827933 345.715149
462.987199775381 345.715149
465.602997 338.3368245537238
465.602997 328.3386784445265
465.6029970000001 318.33027530950767
465.6029970000001 308.3329787541218
465.602997 298.3337386922119
465.60299699999996 288.34252066056325
465.602997 278.32316864327873
465.602997 268.33188679903844
465.602997 258.3325520327172
462.5994331085903 251.333282
452.5976217656578 251.333282
449.162354 257.8936060045804
449.162354 267.8926064995904
449.162354 277.9001674726382
449.162354 287.89031226484553
440.893829558092 289.618652
430.88146546814073 289.618652
427.316772 283.1951664777864
427.31677200000007 273.19078798989835
427.316772 263.1818851839172
427.31677200000007 253.19164539972252
427.316772 243.19436554031034
427.316772 233.18877824345176
427.316772 223.19814578873172
427.316772 213.18444845725557
427.316772 203.1832646314196
427.316772 193.19343403822424
433.3763363386157 189.252655
443.38367014323563 189.252655
448.822357 193.81275618227517
448.822357 203.80973691165937
448.822357 213.80224457745598
448.822357 223.8176249159814
454.9270179844208 227.69957000000002
464.9263172991564 227.69957
465.725006 218.48730500685326
465.725006 208.49007969715737
465.725006 198.48225251313784
466.58262214663335 189.348541
476.59154369968593 189.348541
486.5876271083875 189.348541
488.807648 197.13064283540564
488.8076479999999 207.11787975725895
488.807648 217.1143311553006
488.807648 227.12766903019929
498.32261022513984 227.60348499999998
504.888367 224.16110575504854
504.8883670000001 214.16943942043414
504.888367 204.1690590641715
504.888367 194.16317949132673
509.99220590708046 189.26773099999997
519.9823689057729 189.26773100000003
527.6199949999999 191.63571494266074
527.619995 201.6472571202815
527.619995 211.6396398864829
527.619995 221.63884091150368
527.619995 231.64642461625664
527.619995 241.6394492804367
527.619995 251.64392543762233
527.619995 261.63683625130625
527.619995 271.6442294457211
527.619995 281.6429981482958
525.6607242829798 289.684143
515.6653379710805 289.684143
505.6723906532478 289.684143
505.127136 280.2140020962835
505.12713600000006 270.2300665034253
505.12713599999995 260.2195108685766
503.98976632621054 251.363739
493.97737651823985 251.363739
489.299072 256.67814970684003
489.299072 266.67818200428104
489.299072 276.6823092854741
489.299072 286.6821288983593
489.299072 296.669184371224
489.299072 306.6694404835309
489.299072 316.6859359977461
489.299072 326.6755194492598
489.299072 336.6756265138997
490.38994817346133 345.586823
500.39918966739697 345.586823
504.85681199999993 340.05031248171457
504.856812 330.04695307490044
504.85681199999993 320.0538127034727
504.856812 310.06003013091214
512.0947021349662 307.283569
522.0905628791666 307.28356899999994
527.604248 311.7694258180893
527.604248 321.7702236782783
527.604248 331.7670320620835
527.604248 341.7734200426314
527.604248 351.766288200629
527.604248 361.7714272894657
527.604248 371.7656611326473
527.604248 381.7748239151321
527.604248 391.7633379637739
527.604248 401.769361021488
523.5104590468839 407.66833499999996
513.5066418933911 407.66833499999996
505.1586909999999 406.0126128337283
505.15869100000003 396.01453996100946
505.158691 386.01613244554073
505.158691 376.022760033239
501.80568576651837 369.379578
491.7982948680808 369.379578
489.3148499999999 376.89978789704196
489.3148499999999 386.9032696938262
489.3148499999999 396.90047320393563
489.3148499999999 406.9044246971699
489.3148499999999 416.89364045063337
489.31485 426.89264271822896
489.31485 436.90296449411215
489.31485 446.9030279545682
489.31485 456.8942616221406
492.46028824073665 463.74911499999996
502.4617499651091 463.74911499999996
504.825195 456.1141285756709
504.825195 446.10286487341426
504.825195 436.1068643725765
504.825195 426.11893654130836
514.0073237788847 425.299377
524.012458677887 425.299377
527.587524 431.72776661502905
527.587524 441.71932377856166
527.587524 451.72176896033585
527.587524 461.72409092162434
527.587524 471.7274483098643
527.587524 481.73299101437135
527.587524 491.71730865406664
527.587524 501.7182973243956
527.587524 511.7248205483828
527.587524 521.7256455795233
521.52142328768 525.652466
511.51360746659395 525.652466
505.190308 521.981196135028
505.190308 511.9716966713804
505.190308 501.97847451721157
505.190308 491.9776384743955
500.7666840100694 486.395477
490.7716159824976 486.395477
489.109619 494.7265938724565
489.10961900000007 504.7417894646884
489.10961899999995 514.7283448362508
489.109619 524.7388525368852
480.11503056262995 525.733276
470.10584199073713 525.733276
466.20578 519.637455010315
466.20578000000006 509.638700750657
466.20578 499.6328015953832
466.20578 489.63687354127404
459.5313427661134 486.314545
449.52960104486226 486.314545
449.125 495.9197456056467
449.125 505.9174120631677
449.125 515.9171806742453
448.84266742701027 525.63739
438.84435745421104 525.63739
428.84554196931316 525.63739
427.298096 517.1913240349065
427.298096 507.1838840116468
427.298096 497.18473838253504
427.298096 487.19134316911806
427.298096 477.1889536427116
427.298096 467.1872513710203
427.298096 457.19599287223434
427.298096 447.18821360902405
427.298096 437.18598889147233
427.298096 427.1869605824556
435.51502246046584 425.411316
445.52674202321396 425.411316
448.85967999999997 432.0789228822671
448.8596800000001 442.0745656278945
448.85968 452.07800881293826
448.85968 462.0630886772543
457.2221918293511 463.718262
465.60611 462.1141700835995
465.60611 452.1186102254127
465.60611 442.1143289301507
465.60611 432.111137583285
465.60611 422.1189067292741
465.60611 412.1014940293238
465.60611 402.11488775639157
465.60610999999994 392.11141794575525
465.60611 382.11260713004896
465.60611 372.1169547854838
458.3848325276708 369.33017
449.156158 370.0932745854983
449.15615799999995 380.09440574462747
449.156158 390.0899958119488
449.156158 400.09384183239825
446.66996236438405 407.6217649999999
436.6720659317233 407.621765
427.075287 407.23161879619886
427.07528700000006 397.22324824733096
427.075287 387.23107523643733
427.075287 377.23484208074024
425.0521891948671 369.24911499999996
415.0422976774546 369.249115
410.170959 374.3709397383908
410.170959 384.3740893374692
410.170959 394.3717997496338
410.1709589999999 404.3724679775386
403.49828519249013 407.702698
393.4992512148574 407.702698
388.26690700000006 402.94574756948674
388.266907 392.94898151371683
388.266907 382.9318726543086
388.266907 372.9348259450284
381.86477948924073 369.34515400000004
371.86119360987067 369.345154
371.28064 378.7641755471159
371.28064 388.75558042548613
371.28064 398.7604327863258
371.28064 408.7705924687505
371.28063999999995 418.7663993228635
371.28064 428.76260216284214
371.28064000000006 438.762451195881
371.28064 448.7691739522103
371.28064 458.7628144615777
376.4322246411243 463.606384
386.4414930903074 463.606384
387.894104 455.0588047307839
387.89410399999997 445.07075678546676
387.894104 435.06870253650027
388.09122011797405 425.26474
398.08583357344685 425.26473999999996
408.09612212864494 425.26474
409.623016 433.73889338114776
409.623016 443.73105162818473
409.62301600000006 453.7289395393088
409.623016 463.7341575387502
409.623016 473.7360577123454
409.623016 483.7361989855108
409.623016 493.73612863482185
409.623016 503.7373823238035
409.623016 513.7291690362046
409.623016 523.7376100462194
401.56857198159906 525.687134
391.5773776064453 525.687134
388.121216 519.1377962598774
388.121216 509.1403955514597
388.121216 499.1387720216113
388.121216 489.14046903803137
380.9005660385731 486.3607789999999
371.21722400000004 486.6832224764155
371.217224 496.6846379101639
371.217224 506.6876330776379
371.217224 516.6756645607443
370.1303414828758 525.591187
360.13187848633044 525.591187
350.1274548949818 525.591187
348.136475 517.5845117537408
348.136475 507.5835592031441
348.136475 497.58171938186086
348.136475 487.5870671475145
339.44156557770896 486.27960199999995
332.23199500000004 489.06992306487604
332.23199500000004 499.07050967861557
332.231995 509.0649540274536
332.231995 519.0719689388548
328.8249194155127 525.671997
318.83357131238654 525.671997
309.263489 525.2440875848949
309.263489 515.2341640809984
309.263489 505.2404874766406
309.263489 495.2478704821771
309.263489 485.241130991014
309.26348900000005 475.24174097228445
309.26348899999994 465.246762204208
309.263489 455.2410234208745
309.263489 445.24612053038237
309.263489 435.24694036046765
309.3924202335658 425.37616
319.4007013350825 425.37616
329.39877500510363 425.37616
331.928711 432.85391851553055
331.928711 442.8531469523224
331.928711 452.8487748316655
331.928711 462.842048756454
341.0161304677223 463.753113
347.640808 460.3734543873591
347.64080799999994 450.37184093069305
347.640808 440.367665229151
347.64080800000005 430.38177355039755
347.640808 420.365982315983
347.640808 410.3641821317773
347.640808 400.37428794375353
347.640808 390.3711253220497
347.640808 380.375711229108
347.640808 370.37443445690684
338.72018758993534 369.29553200000004
332.263672 372.83460031799314
332.263672 382.8411029124613
332.263672 392.8467545767854
332.263672 402.848463748306
327.0830483242698 407.6561280000001
317.07181597485635 407.656128
309.18310500000007 405.55989397814346
309.183105 395.5440661720883
309.183105 385.5503462133758
309.183105 375.54981321853904
305.3392487365752 369.391785
295.3440833866106 369.391785
292.10232499999995 376.1589968314673
292.102325 386.1571780079431
292.102325 396.1460423839538
292.102325 406.14132093960905
283.6900901797299 407.737061
273.69402354239173 407.737061
270.198181 401.23503177148103
270.198181 391.22266071089604
270.198181 381.21833556078934
270.198181 371.23617661864495
262.11742566190526 369.31073
253.24636799999996 370.43888711734064
253.246368 380.4486153645547
253.24636799999996 390.45106076855456
253.246368 400.4500330047048
253.246368 410.4493417483699
253.246368 420.4412946136057
253.24636799999996 430.4411806893904
253.24636800000002 440.4412674875902
253.246368 450.43374247832594
253.246368 460.44538980125327
260.04334730296375 463.640808
269.78595 463.382007102261
269.78595 453.3760631439543
269.78595 443.384713146818
269.78595 433.38227039237563
271.8184768859648 425.407196
281.8047858362489 425.40719600000006
291.657349 425.5655661105683
291.657349 435.5710556265658
291.657349 445.57249235852106
291.657349 455.5585981675795
291.657349 465.55471671469917
291.657349 475.5618081958764
291.657349 485.5563210822162
291.657349 495.5636619874314
291.657349 505.56020488477
291.657349 515.5714076778827
291.657349 525.5735607544617
281.81038134007235 525.721497
271.82296742209394 525.721497
270.22937 517.316039856283
270.22937 507.3152644782503
270.22937 497.3117110942129
270.22937 487.30572354862664
261.21471607070146 486.3263549999999
253.148605 488.25674309702936
253.148605 498.25832605571406
253.148605 508.27292838447323
253.148605 518.2720566633043
250.51166894715126 525.6255489999999
240.51452771645742 525.625549
231.067749 525.0721398484475
231.067749 515.0620251860014
231.067749 505.07542450397915
231.067749 495.07357276802327
229.88273901738984 486.245331
219.88528279769088 486.245331
214.163437 490.51107306471516
214.163437 500.5283620514086
214.163437 510.5289161071313
214.163437 520.5203825642232
209.35095214856278 525.706421
199.34909256051185 525.706421
191.40579199999996 523.660518974208
191.40579200000002 513.6449823804031
191.405792 503.6442331391561
191.405792 493.6570866517429
191.40579200000002 483.6579129692818
191.405792 473.6454620592133
191.405792 463.6430184591276
191.405792 453.64945213029785
191.405792 443.6513423284947
191.40579199999996 433.659857635407
193.08942279290886 425.341675
203.1030859716096 425.341675
213.09439348220826 425.341675
213.821289 434.61838924801464
213.821289 444.6180325280085
213.821289 454.6093702133154
214.82748141086927 463.61041300000005
224.83224250309846 463.610413
230.675079 459.458203267402
230.675079 449.4523862108838
230.67507899999998 439.46302024145695
230.67507900000004 429.46575850353497
230.67507900000004 419.4591968787435
230.67507899999998 409.4649727929748
230.67507899999998 399.4586994021683
230.675079 389.4620856749936
230.675079 379.4507052270519
230.675079 369.4579400970698
220.86952273597055 369.26092500000004
214.19454999999996 372.58574007426387
214.19455 382.58460689451977
214.19455 392.58447707833346
214.19455 402.59144609055215
209.3079557668868 407.690857
199.30307431488242 407.69085699999994
191.244598 405.756016532145
191.244598 395.74433416427524
191.244598 385.73937702369074
191.244598 375.75018155238524
191.244598 365.7491082707969
191.244598 355.75742874846026
191.244598 345.74749742490525
191.244598 335.75286277498793
191.244598 325.74589324926
191.244598 315.7480092167759
192.8473556811907 307.357239
202.8596096680539 307.357239
212.85902764180582 307.357239
213.79016099999998 316.4221735874777
213.790161 326.42649510221094
213.790161 336.4162261148208
214.61217883573008 345.594788
224.6088797636576 345.594788
230.65953100000002 341.63185427955
230.659531 331.6384465101156
230.659531 321.63564511193914
230.65953100000002 311.6452432070408
230.659531 301.64313157787177
230.659531 291.6396513533719
230.65953099999996 281.64521091904254
230.659531 271.6471906849706
230.65953099999996 261.6329092712217
230.659531 251.64758228803086
221.0270456833653 251.27655
214.225677 254.47865734609556
214.22567700000002 264.4728790893102
214.22567700000002 274.48357595617904
214.22567700000002 284.4752942757995
209.41902129321085 289.675293
199.41971405747972 289.675293
191.260178 287.8409445294394
191.26017800000002 277.84138478998204
191.260178 267.833767359985
191.260178 257.8273083505276
191.260178 247.83121821668448
191.260178 237.83027792528912
191.260178 227.83372813549119
191.260178 217.8263562831071
191.260178 207.84199871835642
191.260178 197.8409730608537
192.78873584101044 189.372833
202.79187423031235 189.372833
212.79888662175037 189.372833
213.935486 198.23408400357008
213.93548599999997 208.24213303875345
213.935486 218.22796144344738
214.4112265661095 227.75628700000001
224.41678240353104 227.756287
230.839813 224.17620395220948
230.839813 214.18929340437072
230.839813 204.18061972161792
230.839813 194.17684693921944
235.95917360666652 189.291901
245.9573143417024 189.291901
252.743942 192.50180669677133
252.743942 202.49295500442378
252.743942 212.4968253803711
252.743942 222.49293691775736
257.57190531255435 227.66024799999997
267.5788418564142 227.66024800000002
269.824707 219.9023044623009
269.824707 209.90676034059354
269.824707 199.90963575458932
269.824707 189.90130914676445
279.30141715233503 189.387787
289.307993213351 189.387787
291.676758 197.02846477906405
291.676758 207.01666980959078
291.676758 217.0105762258371
291.676758 227.01137836185063
291.676758 237.02027055167878
291.676758 247.01394051794128
291.67675799999995 257.0180351221908
291.676758 267.021458222578
291.676758 277.0130481762615
291.676758 287.01851116840146
284.390529152442 289.7408750000001
274.39208241363514 289.740875
270.190552 283.9408228669138
270.190552 273.94636222324607
270.190552 263.9468319038672
270.190552 253.9548964142889
262.8322967364914 251.30691500000003
253.24255399999998 251.7215081795103
253.242554 261.7121540594198
253.24255399999998 271.71754438420265
253.242554 281.71851214258925
253.242554 291.7189227296685
253.242554 301.72264154052937
253.242554 311.71050924607914
253.24255400000004 321.7093564246818
253.242554 331.7230218747647
253.242554 341.70906384713226
259.3147697946094 345.644653
269.3212709774839 345.64465300000006
269.79357899999997 336.13230203771735
269.793579 326.12396666806575
269.793579 316.12960569868574
271.0714730109264 307.403381
281.07896956970745 307.40338099999997
291.07353001882655 307.403381
291.874451 316.6036031998784
291.874451 326.6065390188809
291.874451 336.5952007732378
292.75570873379746 345.725708
302.76155887730465 345.725708
308.778809 341.76175926808156
308.778809 331.75956016765974
308.778809 321.7605643786187
308.778809 311.7428617924018
314.3456492432689 307.32244900000006
324.35143912972586 307.322449
331.859741 309.8201858738722
331.859741 319.8133961324494
331.859741 329.8205333362055
331.859741 339.81970423437707
336.04924698936065 345.629639
346.0373882730406 345.629639
347.694336 337.28736258250353
347.694336 327.2884981999191
347.694336 317.2859544361546
347.694336 307.27805433088747
347.694336 297.28615310548327
347.694336 287.2855854564591
347.694336 277.2746859621693
347.694336 267.2748984977341
347.694336 257.28465758280464
343.7324652956976 251.241638
333.73362721872104 251.241638
332.156372 259.6561570545013
332.15637200000003 269.66053163014544
332.156372 279.6622819473787
332.156372 289.67172937216424
322.20227538852936 289.709839
312.1963102017037 289.709839
309.402405 282.50899986296554
309.402405 272.5106886116052
309.402405 262.51492440487334
309.402405 252.52044820480901
309.402405 242.51376933375627
309.402405 232.51811251969153
309.402405 222.50774443659094
309.402405 212.50597757078057
309.402405 202.51166079705018
309.402405 192.51131872413495
316.2201781763899 189.33825699999997
326.2270034853724 189.338257
331.82815600000004 193.73925428589018
331.828156 203.74728137541206
331.828156 213.738902055027
331.828156 223.7438211123661
337.95563729945013 227.613785
347.678589 227.33843934914023
347.678589 217.3319632565804
347.67858900000004 207.3430910820393
347.678589 197.3474293494133
347.678589 187.343530186725
347.678589 177.3299457219971
347.67858899999993 167.32828728414893
347.678589 157.33719852587615
347.678589 147.33221944833707
347.678589 137.33508236616223
341.7615566675796 133.257477
332.187866 133.6848760326979
332.187866 143.67781878073168
332.187866 153.67927061322948
332.187866 163.6782787446474
330.20020327172597 171.69409200000004
320.20065902381236 171.69409199999998
310.2011870754088 171.694092
309.241394 162.6572701826173
309.24139399999996 152.6485478355019
309.241394 142.6447991963613
309.241394 132.6427960573196
309.241394 122.63931021050071
309.241394 112.65559173308306
309.241394 102.63947919495705
309.241394 92.64900636770358
309.241394 82.64426298614697
309.241394 72.64667457987218
317.9545733182586 71.354042
327.94714214064834 71.354042
331.79666100000003 77.49861335764078
331.79666100000003 87.51062046161246
331.796661 97.51097305566407
331.796661 107.50606681042764
339.7021466319608 109.597961
347.66284200000007 107.55880031856908
347.662842 97.56456190528048
347.662842 87.56171174601808
347.662842 77.54902328369646
347.662842 67.54827381561164
347.66284199999996 57.55832535550332
347.662842 47.55499101711022
347.662842 37.56016153566085
347.662842 27.54960219219293
347.662842 17.556879445270944
339.93969420905773 15.273325
332.219421 17.55098850987648
332.219421 27.544206570387853
332.219421 37.548920354578684
332.219421 47.549387757686496
328.3556119205546 53.678265
318.35293652604304 53.678264999999996
309.138916 52.89497319425119
309.138916 42.89772180446264
309.138916 32.89621816466065
309.138916 22.89340202009835
306.66641547201027 15.369643000000002
296.661297490613 15.369643
292.058136 20.769510418581042
292.058136 30.76790293347771
292.058136 40.77146088820028
292.058136 50.76442511578482
285.0434655672842 53.759162999999994
275.04304392920176 53.759163
270.154022 48.646332057321736
270.154022 38.65119770542491
270.154022 28.65147712975306
270.154022 18.65474552459574
263.5202806696942 15.288586
253.51702987405636 15.288586
253.40072599999996 25.16234920152214
253.40072600000002 35.160363065832016
253.400726 45.16971076787316
253.40072600000002 55.168967548392395
253.40072599999996 65.15960659309226
253.400726 75.16615579282565
253.400726 85.16705350270726
253.40072600000002 95.1637196213172
253.40072599999996 105.16915912586107
258.90928275394367 109.662964
268.9044576498361 109.66296399999999
269.8301389999999 100.58286750361924
269.830139 90.5802422598113
269.830139 80.59061997225042
270.632509384059 71.38507799999998
280.61935286907016 71.385078
290.6220663112799 71.385078
291.679443 80.33400444713352
291.67944299999994 90.33690557593786
291.679443 100.33302672113271
291.679443 110.33580537702295
291.679443 120.33422501617785
291.679443 130.34173192552095
291.679443 140.3350113705177
291.679443 150.33976324914465
291.679443 160.33260168764673
291.679443 170.3392680868519
283.0831650853882 171.74359100000004
273.0983070193042 171.743591
270.18515 164.65553692454594
270.18515 154.65202563538904
270.18515 144.64243653058156
270.18515 134.6385102261599
261.53097259024867 133.304199
253.104385 134.87675775068013
253.10438500000004 144.88206526441974
253.104385 154.87813399488536
253.104385 164.88449949919786
249.86543537859995 171.647705
239.86588902680546 171.647705
231.19992100000002 170.31456517417823
231.199921 160.3132708725493
231.199921 150.3105255731332
231.199921 140.31642341067567
228.11640398279948 133.400253
218.12028364372418 133.400253
214.119171 139.3959210068591
214.11917100000002 149.39845033637474
214.119171 159.39841646498544
214.119171 169.41013585910216
206.43800434199036 171.728607
196.4491295705801 171.728607
191.383636 166.7986595710075
191.383636 156.78859227317338
191.383636 146.79668256414223
191.38363600000002 136.79700174129493
191.38363600000002 126.7880294992821
191.383636 116.79275820151452
191.383636 106.78521880246018
191.383636 96.78848224260527
191.383636 86.80115697347033
191.383636 76.79721130741714
195.90470294902053 71.319511
205.91391830559564 71.319511
213.86555500000003 73.37150189865041
213.865555 83.3700308586811
213.865555 93.35837397720023
213.86555499999997 103.3714681418432
217.5931551605835 109.632599
227.60359418490526 109.632599
230.69718900000004 102.73631959313292
230.69718899999998 92.73560241914214
230.69718900000004 82.73202200473702
230.69718900000004 72.72385289985128
230.697189 62.732400013559634
230.69718899999998 52.73294840613867
230.69718900000004 42.72378449984318
230.697189 32.72629807816688
230.697189 22.73887206145873
228.18219026608173 15.238745
218.19536359153582 15.238744999999998
214.150299 21.193088972876772
214.15029900000002 31.192639170464652
214.15029900000002 41.198233908548985
214.150299 51.20193820276005
206.66303134960214 53.713028
196.66953223438264 53.713028
191.246185 49.13073096526891
191.246185 39.1407667891279
191.246185 29.140865784245907
191.246185 19.131114173585576
185.03650761363133 15.334754999999998
175.165482 15.46490917529154
175.165482 25.458420688443034
175.165482 35.448143207868796
175.165482 45.46563441311463
173.332972536821 53.617046
163.3190875205731 53.617046
153.32554502422917 53.617046
152.084747 44.86566936281067
152.084747 34.84822028529644
152.084747 24.86316802038832
151.6939058186657 15.25385
141.6975677817309 15.25385
135.366119 18.930120381436346
135.366119 28.926490996516506
135.366119 38.926708642953486
135.366119 48.9328491302325
135.366119 58.92395650043354
135.366119 68.92508731427127
135.366119 78.93830309818833
135.366119 88.93098187160314
135.366119 98.93974974864518
135.366119 108.93183791275105
144.60231613092708 109.69769299999999
151.899384 107.0017643539586
151.89938399999997 96.99750588063556
151.899384 86.99792682333374
151.899384 77.0019686318067
156.24810870164498 71.350418
166.25439877695982 71.35041799999999
174.71411099999997 72.8877604378384
174.714111 82.89159810534167
174.714111 92.89549263771151
174.714111 102.88994777648844
174.714111 112.8898626772468
174.714111 122.88571126613923
174.71411100000003 132.89238956495674
174.714111 142.88806963247086
174.714111 152.88759335668811
174.714111 162.8812522501885
173.43589341205666 171.601471
163.42915543873912 171.60147099999998
153.42618605533679 171.601471
152.11590600000002 162.91301218975752
152.115906 152.90955291377492
152.115906 142.90638602365834
151.7590103260893 133.26947
141.7500562401445 133.26947
135.211548 136.7180342777558
135.211548 146.7240038204821
135.211548 156.7208458975843
135.211548 166.7316553678597
130.16358794940987 171.682373
120.16341038195132 171.682373
113.130669 168.71573032678356
113.13066900000001 158.71591069718076
113.13066900000001 148.72316314865876
113.13066900000001 138.7210445990276
108.49365468835431 133.365509
98.49324824483116 133.365509
96.04991099999998 140.93281498028378
96.049911 150.92391395823583
96.049911 160.921270400209
96.049911 170.92876510519656
86.88993453622554 171.763275
76.88665143903044 171.763275
73.34898399999999 165.30096099942668
73.348984 155.30219748554933
73.348984 145.3025649774465
73.348984 135.30013039924177
73.348984 125.29296067505857
73.348984 115.291384431777
73.348984 105.30577703957661
73.348984 95.30972189043672
73.348984 85.30130712497686
73.348984 75.30326569803321
79.3318458088401 71.28485099999999
89.34204984611534 71.284851
95.758041 74.85147998834762
95.758041 84.85555696441541
95.758041 94.86572715069744
95.758041 104.86358106369185
100.95077074584573 109.667313
110.94985690689546 109.66731300000001
112.731781 101.44376610250629
112.73178099999998 91.455063804834
112.73178099999998 81.44405967952055
112.731781 71.45317873266602
112.731781 61.455970187563814
112.731781 51.44894370259437
112.731781 41.451662115560474
112.731781 31.4492148446555
112.731781 21.449784154333397
108.8023475364272 15.381131
98.79538590264553 15.381131
96.081047 22.66509750461161
96.081047 32.65813716187286
96.08104699999998 42.67071373362328
96.08104699999998 52.66541678268536
87.17459905325416 53.747688
77.1667428633194 53.747688
73.176987 47.734449753598554
73.176987 37.731253386139855
73.176987 27.728735509277342
73.176987 17.73758005078125
65.61390990846317 15.299986
57.274368 16.956832348059653
57.27436800000001 26.961567550870853
57.274368 36.96431232449951
57.274368 46.96244720259352
53.95830168887329 53.651695
43.965093066997746 53.65169499999999
34.191872 53.429276827800564
34.191872000000004 43.42223216308313
34.19187199999999 33.423185582497126
34.191872 23.422329931116046
32.22529237031043 15.396286
22.216445151837497 15.396286
18.331417 21.506427515662814
18.331417 31.508329155296927
18.331417 41.50680439272695
18.331417 51.50312956169842
18.331417 61.510080885584166
18.331417 71.50591356269487
18.331417 81.51491221451357
18.331417 91.5152565285691
18.331417 101.50812625649509
20.098056970252514 109.732437
30.106754651571894 109.732437
33.792053 103.422948634385
33.792053 93.41750766413708
33.792053 83.41582184955601
33.792053 73.41379405959145
41.69870485048581 71.315979
51.69694961146635 71.315979
56.748543 76.2596586144425
56.74854299999999 86.26398311131416
56.748543 96.2636565596744
56.748543 106.26178553150183
56.748543 116.26147659877503
56.748543 126.26583633347265
56.748543 136.25347975545122
56.748543 146.25194428363693
56.748543 156.26431375908447
56.748543 166.25676450919525
52.12141908211973 171.63589500000003
42.13464829085992 171.635895
34.221947 169.54938455217112
34.221947 159.54720946297678
34.221947 149.54644060674596
34.221947 139.54144129510544
30.344918726014136 133.412872
20.345428759662568 133.412872
18.34717 141.4036043924884
18.34717 151.41840549414619
18.34717 161.410025289533
18.34717 171.413891432522
18.34717 181.4195650188637
18.34717 191.41653874509987
18.34717 201.40576911441917
18.34717 211.41132540444946
18.34717 221.41109073846388
22.042640205943886 227.716583
32.040711192584986 227.716583
33.760498 219.44356979913613
33.760498 209.44039848032153
33.760498 199.44103879686614
33.760498 189.44649113005156
43.657039328126665 189.331787
53.65008081030181 189.331787
56.732738 196.24806361512802
56.732738000000005 206.25240599209314
56.73273799999999 216.255251255263
56.732738 226.24730846654876
56.732738 236.25593146046663
56.732738 246.2473627342538
56.732738 256.261191085606
56.732738 266.2635737610142
56.732738 276.2572986914648
56.732738 286.24511163554786
50.09430951770127 289.62008700000007
40.09799980111917 289.620087
34.07881199999999 285.6443198007581
34.078812 275.64477466419197
34.078812 265.63359863338485
34.078812 255.64801513149357
28.461795926138876 251.250641
18.47158679249034 251.250641
18.36293 261.14519268704566
18.362930000000002 271.145690843461
18.36293 281.1393254439418
18.36293 291.1512099446263
18.36293 301.14891443601164
18.36293 311.1460090327863
18.36293 321.1445457579197
18.36293 331.14656221598204
18.36293 341.15408163486944
23.798601515590303 345.700714
33.727329 345.6271167526051
33.727329 335.6162146854505
33.727329 325.62837597346424
33.727329 315.6102893791384
35.461495256460985 307.34759499999996
45.464121355291866 307.347595
55.448157090168536 307.347595
56.809509 315.9837862301879
56.809509 325.99420659014197
56.80950899999999 335.9986459047451
57.189320745766636 345.604431
67.19863711901439 345.604431
72.89021299999999 341.290467321608
72.890213 331.29257923178363
72.890213 321.3041720704792
72.890213 311.2908943153309
78.86601816709413 307.26681499999995
88.85614370429099 307.26681500000007
95.79405999999999 310.3278581711583
95.79406 320.3361427863602
95.79406000000002 330.33130494305647
95.79406 340.3371993264315
100.43773977845369 345.685364
110.44948973696685 345.685364
112.749771 338.0007369257246
112.749771 327.99899104943887
112.749771 318.0013349262295
112.74977100000001 307.9925230371388
112.749771 298.00327953742556
112.749771 287.9953740710241
112.74977100000001 277.99959313679165
112.749771 267.98921243896325
112.749771 257.98363624094196
109.37588748009341 251.363068
99.37809603336115 251.363068
96.220505 258.19844915415024
96.220505 268.20339124691435
96.220505 278.20828121803436
96.220505 288.19827430102026
87.59827015736819 289.588287
77.60109774592723 289.588287
73.346542 283.8390718359182
73.346542 273.84429435500834
73.346542 263.840181946156
73.34654200000001 253.85025655490745
73.346542 243.8492197800973
73.346542 233.84841037712414
73.346542 223.8469675190268
73.346542 213.84403697018314
73.346542 203.8387710659631
73.346542 193.84264906077104
78.77488578427646 189.28241
88.7824834441638 189.28241
95.762901 192.29556746615256
95.762901 202.29911654005167
95.762901 212.3056527987816
95.762901 222.29693212298614
100.39121604524614 227.669769
110.39824352108744 227.669769
112.84365800000002 220.1205734082111
112.84365800000002 210.11628751439287
112.843658 200.119837134519
112.843658 190.11937178431216
122.10523485422135 189.378296
132.09471055664062 189.378296
134.924545 196.55489996056247
134.924545 206.55087440563113
134.924545 216.5633697803321
134.924545 226.5550934844538
143.73054864378264 227.750809
151.82887300000002 225.85137912891767
151.828873 215.8584232637213
151.828873 205.84305690345695
151.828873 195.85186946971805
155.2745812303896 189.297394
165.28084873229423 189.297394
174.590271 189.97909170858526
174.590271 199.9903724042624
174.590271 209.9873356239112
174.590271 219.98333051974393
174.59027100000003 229.99175223657608
174.590271 239.97707366432522
174.590271 249.97712910560958
174.590271 259.99311539275936
174.590271 269.9770037118288
174.590271 279.9790315202357
174.26084219910325 289.65448000000004
164.25655793816765 289.65448
154.25925578282718 289.65448
152.186401 281.71949484715685
152.186401 271.72873006529306
152.186401 261.73067061176476
152.186401 251.736003131473
142.51251923446304 251.393463
135.32876600000003 254.19108472473076
135.328766 264.19299568367495
135.328766 274.20195961120555
135.328766 284.19634796803473
135.328766 294.20045693211296
135.328766 304.19259780964205
135.328766 314.1970960374606
135.328766 324.1921905988394
135.328766 334.20224852875407
135.328766 344.2054244042436
143.79412246755646 345.735199
151.79776000000004 343.73120436093126
151.79776 333.74399296308593
151.79776 323.73689411210967
151.79776000000004 313.7415410446262
155.36523709626383 307.31298799999996
165.37196642568188 307.312988
174.751556 307.9251096392962
174.751556 317.93482535714946
174.751556 327.93804105945304
174.75155599999997 337.9378996261607
174.751556 347.93754393722577
174.75155599999997 357.9401168726017
174.751556 367.92428034266504
174.751556 377.9421128047091
174.751556 387.9354829539942
174.751556 397.9319293475884
174.4488029811557 407.638916
164.46095960038556 407.63891600000005
154.4597990955375 407.638916
152.217529 399.8756915429236
152.217529 389.8820392451223
152.217529 379.8866683443326
152.217529 369.88534586463106
142.68810478492418 369.409058
135.344315 372.0651835894049
135.344315 382.0657800484265
135.344315 392.0763638198958
135.344315 402.0636089842592
135.344315 412.0630200399067
135.344315 422.07571860412475
135.344315 432.05668997039953
135.344315 442.0761494152512
135.344315 452.0658883720632
135.344315 462.0731417357199
143.68737031202983 463.719604
151.766632 461.79676852507674
151.76663199999996 451.79745676073014
151.766632 441.7996387468435
151.766632 431.80162803474235
155.29930404248972 425.32855200000006
165.30959724094345 425.32855199999995
174.735977 425.8909180612862
174.73597700000002 435.8885667390935
174.735977 445.88469541179774
174.735977 455.8845093514883
174.73597699999996 465.89321383025447
174.735977 475.8914870793643
174.735977 485.8843741937949
174.735977 495.9014907706152
174.735977 505.8985175446533
174.735977 515.8924476957523
174.735977 525.9003319846936
164.8500371534604 526
