2
870
124.71850258170053 40.63822811795702
125.56319876655223 40.11404975449667
126.41064860873145 39.58005144527628
127.25844283881658 39.0405461720984
128.09266432466947 38.50769604528412
128.93260273304946 37.972742714867564
129.78114752378065 37.437743349093196
130.6415811546364 36.9049457407074
131.48570353927502 36.395725171537364
132.34912873920183 35.89254924632028
133.23278064109553 35.40147278655059
134.13614583780432 35.00515747501421
135.1140176697197 34.7807747317543
136.11367480511709 34.85394841012031
136.99406229338885 35.29336020430136
137.68436238207394 36.02515141158456
138.17763859280308 36.88813478467
138.5397522820792 37.811193793244364
138.89571710413105 38.74982367600243
139.2840812301032 39.68075643068325
139.69235181054216 40.59370600187909
140.11412445043317 41.49338580549668
140.55103049697496 42.399484837074276
140.99046092126423 43.30081006562555
141.42730228841543 44.20095080590167
141.85692624228463 45.10307827463056
141.6717808822762 45.82425346381373
140.82517830799267 46.3371652859515
139.96346991489983 46.86140586110115
139.12232168775367 47.376470483877185
138.2671937728602 47.904737936782595
137.4161598562142 48.43643041261038
136.5697366791678 48.97248148013028
135.728440983073 49.513824708112004
134.89278950928187 50.0613936653253
134.06329899914644 50.61612192053988
133.24048619401876 51.1789430425255
132.42486783525086 51.750790600051886
131.60055667775086 52.3445820389764
130.80105073315892 52.93751521233587
130.01030000472474 53.542294579969166
129.22882123380043 54.15985371064601
128.457131161738 54.79112617313615
127.68031899522973 55.450386618906016
126.93758284234409 56.10537889443303
126.20596055224252 56.77655923918354
125.47859268914809 57.47202071662411
124.77531984950264 58.17373740213802
124.0745651655285 58.90337251171032
123.39529539220408 59.64177099286992
122.73710321055162 60.38878896828584
122.09958130159336 61.14428256062707
121.4699333530631 61.9237819085269
120.86095108769247 62.7118036699953
120.26063015264084 63.52420712353032
119.68090028298181 64.34515602933376
119.12130222050054 65.17448816357175
118.58137670698216 66.0120413024104
118.06066448421181 66.85765322201574
117.54904835419158 67.72797500241263
117.06573906852142 68.58936784402532
116.59130428668735 69.4754426486311
116.13491514189673 70.36921415762663
115.69608482757384 71.2705104162672
115.27432653714305 72.17915946980816
114.8691534640286 73.09498936350481
114.48007880165481 74.01782814261246
114.1136535316332 74.92956206854119
113.755029000338 75.86577620323757
113.41105182172124 76.80848666593295
113.08123518920726 77.75752150188261
112.76509229622036 78.71270875634187
112.46784108443529 79.65533715206202
112.17734560839234 80.62220329882457
111.9043119791539 81.57595515219359
111.64257619025469 82.53496981083919
111.38686468400658 83.51803916585052
111.1465457264799 84.48718797247435
110.91613782958483 85.46110973201361
110.69942627375298 86.42041202150972
110.48729081332709 87.40330734902989
110.28369764395133 88.39049213882328
110.09194626189148 89.36232803588436
109.90391482844116 90.3575288925829
109.72653711435862 91.33691179922383
109.55562159589009 92.31980001983686
109.39073550376239 93.30604068728016
109.23222329555342 94.29429596028766
109.08845344039813 95.28713845453615
108.9622737613709 96.28065248649153
108.85258149988015 97.27479119092972
108.75827389733433 98.26950770262656
108.6782481951419 99.26475515635786
108.61140163471126 100.26048668689958
108.55663145745085 101.25665542902756
108.51283490476914 102.25321451751765
108.47890921807452 103.25011708714574
108.45338192073216 104.2648133614622
108.43601432701226 105.26226626097422
108.4251899768628 106.25992122375492
108.41980611169224 107.25773138458014
108.41875997290897 108.2556498782258
108.42094880192148 109.25362983946775
108.42526984013814 110.25162440308186
108.43062032896748 111.24958670384399
108.43589750981782 112.24746987653002
108.44005345652809 113.26273016192084
108.44182592322869 114.26031103186585
108.44019745953369 115.25767135586548
108.43406530685152 116.25476426869554
108.42232670659062 117.25154290513194
108.40387890015943 118.24796039995051
108.37708208342833 119.26143981547636
108.34174134719817 120.25698603286455
108.29636378238104 121.25202969076562
108.2398466303854 122.24652392395545
108.16976493304536 123.25785306953321
108.08741636325169 124.25109615589359
107.99060058386286 125.24364839967342
107.87821483628728 126.23546293564854
107.74915636193342 127.22649289859488
107.60232240220967 128.21669142328827
107.43661019852448 129.20601164450454
107.25317255672923 130.18617279178125
107.05458791583702 131.1666685833993
106.84328159561308 132.13994546603192
106.61480408534133 133.12474166442607
106.37801199147533 134.0830510116541
106.12369016949276 135.052321482635
105.85642799510373 136.0135526128618
105.57078467181397 136.98485648031615
105.27761231959214 137.92944300013758
104.96571008638787 138.8835017875536
104.6406669388117 139.8286429531403
104.30255907812587 140.7647236234014
103.94471389355927 141.7089997892171
103.58046231438279 142.62635313084874
103.19613835525608 143.551251964677
102.79857142464816 144.46614631210198
102.38011240138968 145.38754274656512
101.95605982204995 146.28178248830676
101.51079190741525 147.18182827226
101.05212353253606 148.0708627448751
100.58013985485779 148.94872624026712
100.08598203173332 149.8309083624169
99.5873850092473 150.68574051309992
99.06630654111216 151.54414146254936
98.531780514783 152.39029340666022
97.9838968176223 153.22402781119328
97.42274533699262 154.0451761419094
96.83804086713539 154.86788852254062
96.25039058411065 155.66312680086605
95.63890038612293 156.45911720812697
95.01404015555126 157.24136336130778
94.37590468165358 158.00968753536432
93.72458875368785 158.76391200525237
93.04841476128138 159.51671206830792
92.37079522892819 160.24194876918654
91.66805246897746 160.96488444662677
90.9645151703213 161.66040995168476
90.23559625 162.352745125
89.49362437848917 163.02936774866868
88.73869942199165 163.69009057863278
87.97092124671023 164.3347263708343
87.20395464692866 164.95239298715998
86.410986950174 165.5645783774166
85.60546391141287 166.16011822608272
84.787485396848 166.73882528910028
83.95715127268228 167.30051232241135
83.1145614051185 167.84499208195797
82.27465508205853 168.36313806289317
81.40806034249339 168.8729462629049
80.52950773630756 169.3649886853241
79.65454893918499 169.83105727837597
78.75258207874606 170.28732076298056
77.85480564045146 170.71786558305033
76.94586260407803 171.13053482125804
76.02584775888373 171.52515075255945
75.09485589412651 171.9015356519104
74.16959914963024 172.2533911705407
73.21712604997552 172.59310844113116
72.27094793367137 172.90859650830436
71.3145373375144 173.20580746154698
70.36533244817721 173.4797575435482
69.3889052787595 173.74024254022555
68.42021468057064 173.97779732212138
67.44199751174602 174.19707744642227
66.47238012684437 174.39443698461446
65.47553464274232 174.5770282937216
64.4877918309489 174.73805823490622
63.50972667528036 174.87838398634494
62.52320482622777 175.00100943951944
61.52830248505338 175.10579172093335
60.52509585301942 175.19258795709035
59.532820498499085 175.2601283386366
58.532696587994316 175.31008251975612
57.524796090359146 175.34231556250293
56.531291570442995 175.35576476345452
55.52710189753433 175.33468297054102
54.5361073041681 175.25195033685523
53.54483755893553 175.05349632625277
52.64234010526502 174.64796797935756
51.964847457547194 173.91565536891318
51.654671787789184 172.9720042061134
51.591407317468764 171.97297792678347
51.654252036259784 170.99078129417364
51.78801190446259 169.98411787969505
51.96392636571694 169.00519916550445
52.20018858615518 168.04239904108525
52.43842941103005 167.0664564924402
52.59131219146156 166.07956222434234
52.59669134403991 165.070416553215
52.68704416173815 164.08932377619445
53.00166201408219 163.14702631411325
53.62845995134282 162.37480416394817
54.515403855331655 161.8976597057501
55.487120361962056 161.68341382035715
56.48439711829242 161.6242191263938
57.475057921735896 161.64239540954304
58.480552567355375 161.6449415122441
59.4734905869522 161.62027715354978
60.480502402092704 161.56705410054673
61.47415298392615 161.48603758922062
62.467366959690104 161.37607112304795
63.459542924501186 161.23654654999805
64.43746156908118 161.0692339898553
65.42590149190742 160.8692293584784
66.39920852801443 160.64106022430892
67.36934953399691 160.38186403498707
68.3238411460912 160.09492064159772
69.26261746675803 159.78080103127596
70.20848471035627 159.43122212879373
71.13770087785413 159.05430599744875
72.05019500480938 158.65066752793373
72.94589612677974 158.22092161094162
73.84595705938148 157.7542664758528
74.70744534436005 157.27355124520267
75.5723100222326 156.7559743321182
76.41925102830179 156.21361338689417
77.23842989652324 155.65401255934162
78.03996123518695 155.07149729015413
78.83310660753396 154.45928538334897
79.60802498582304 153.8249176625008
80.36464008541523 153.16905511659195
81.10287562167173 152.49235873460478
81.8226553099536 151.79548950552163
82.52390286562199 151.07910841832492
83.206542004038 150.34387646199693
83.87049644056276 149.59045462552004
84.50811965658917 148.82878240292152
85.12735232487822 148.05063382160526
85.73524615718105 147.24698647590026
86.3172531576702 146.4376189062265
86.88064794628721 145.61369564696304
87.42535693053941 144.77585436026035
87.95130651793401 143.92473270826895
88.4584231159783 143.06096835313937
88.94663313217956 142.1851989570221
89.41032285351714 141.30881571529713
89.86072892999684 140.41107470229392
90.29200853381181 139.503233952078
90.69923781849539 138.59703676697123
91.08765593869046 137.682219025799
91.46596851848322 136.73679290349557
91.8160882592767 135.8064061410352
92.14718221141491 134.86925849192193
92.45917941045565 133.92596484684861
92.75891102226903 132.95393411523295
93.03019393065526 132.0020233704929
93.25288373650044 131.0180151008922
93.36722604291677 130.0336077133031
93.2767171368103 129.0414368335266
92.80264354557085 128.18266899355078
91.94819040351432 127.66589029385315
90.98380203142005 127.44127371882671
89.97345562882371 127.35572714501114
88.97222197087223 127.34125144350551
87.98822082157763 127.3454193665941
86.97688481249511 127.34953836602429
85.97921408483398 127.353437530572
84.98154200832272 127.35717305428099
83.97020187852715 127.36079213386611
82.98619405914467 127.36415085008997
81.97485151284442 127.36743520535359
80.97717465230701 127.37050806537205
79.9794967567705 127.37341436520936
78.9818178888336 127.37615352259235
77.98413811109499 127.37872495524775
76.97279062268699 127.38115982913892
75.98877607660751 127.38336231728299
74.97742706182039 127.38545418718762
73.97974426226371 127.3873465646534
72.98206086675634 127.38906829804924
71.97071003135052 127.39063885336213
70.98669253828437 127.39199750353808
69.97534081280017 127.39321913619762
68.97765565517811 127.39425009704318
67.9799702154564 127.39510749447635
66.98228455623375 127.39579074622391
65.98459874010885 127.39629927001265
64.97324589903754 127.39663582822124
63.975559956904576 127.3967907357435
62.97787404652298 127.39676916051094
61.98018823049144 127.39657052025038
60.9825025714087 127.39619423268854
59.97115020986026 127.39563087924034
58.98713197448433 127.39490638656834
57.97578024928376 127.39397991213488
56.97809584999781 127.39288474316311
55.980411921511646 127.39160900754766
54.98272852642398 127.39015212301535
53.98504572733353 127.38851350729296
52.973696713066516 127.38666636533004
51.976015304080576 127.38466003094399
50.97833467974544 127.38247021057185
49.98065490265983 127.38009632194044
48.98297603542244 127.37753778277653
47.97163132719898 127.37475513607828
46.98762128088714 127.37186442375832
45.976278735437816 127.36870445774298
44.97860414990869 127.36539892830939
43.98093078807882 127.36190582900089
42.96959198100887 127.35817284036149
41.98558798591161 127.35435459166625
40.974251977916495 127.35023836504294
39.97658415749831 127.3459865581041
38.9789178746304 127.34154426194792
37.98125319191144 127.33691089430121
36.98359017194016 127.33208587289074
35.97226229650925 127.32699854845357
34.98826937063539 127.32185853968565
33.976945184404904 127.31637969759952
32.97550632148742 127.31168623229217
31.979732957663987 127.38321015640935
30.988341599247605 127.49611380452309
29.99331099369392 127.56544970853975
28.998316757785947 127.49599827575764
28.07255611430359 127.14720084473419
27.386934213373188 126.431144662261
27.02469228072822 125.48788515114583
26.81155864714752 124.51548546105265
26.633199482910157 123.52844549462891
26.49683804543317 122.55167477652466
26.401174396070047 121.5462246456322
26.354777302865582 120.55830035379955
26.360258320402504 119.54846830193078
26.422874214540343 118.55243869885305
26.546957024809615 117.5629344772438
26.739489635892507 116.57295998581566
26.997776278193474 115.61738118529036
27.329316678215502 114.68010891095113
27.959539592010497 113.92262582925416
28.91493692947191 113.60435552169686
29.89720783093923 113.56428643146687
30.8981236416049 113.62229439744806
31.896237238268963 113.6664044883232
32.912452046097336 113.65888671486688
33.900136393698624 113.65275521701692
34.907738064798544 113.64761227452037
35.896766542975804 113.64356918091761
36.90627756122807 113.64037860248463
37.897707166705096 113.63807674183629
38.910205254259466 113.6364845488939
39.905092983760056 113.63557674990727
40.902084243435986 113.63523070643409
41.90143817632416 113.63536130276766
42.9034139254615 113.63588342320129
43.90827063388491 113.63671195202828
44.896470975345196 113.63773960186676
45.907797888779704 113.63892374832905
46.902839777719336 113.6401364057466
47.90163730772172 113.64131953936308
48.90443467505837 113.64239294274707
49.91147607600081 113.64327640946709
50.90272955008989 113.64388063279674
51.898523355730326 113.64414992104595
51.99076951731932 112.82947849584622
51.81073983262427 111.84161703741769
51.54841188987448 110.88165564695986
51.19117605941894 109.94703687437764
50.72943028744549 109.04901026110005
50.18269727621889 108.2339428489132
49.53124806072617 107.47279531575012
48.78934624058058 106.78330492327454
47.99753922254216 106.18699014051882
47.14757516744896 105.65863118504026
46.26786576419449 105.19935044169617
45.34664861135427 104.78806061752675
44.42564679280377 104.43071204282272
43.45668847994899 104.12318937681806
42.48359710614014 103.88058124575042
41.5164504600296 103.69563368949603
40.517599279387476 103.55622884363018
39.51847300653076 103.46400803505706
38.52434088289294 103.41298847891565
37.526342840399266 103.37001936642127
36.52495196007645 103.32372029940862
35.52018680339605 103.27007497596355
34.53901104535103 103.20490331781544
33.54172460905417 103.11639591704007
32.5384155442984 102.98897442122698
31.56370777477286 102.801659946676
30.61095645188719 102.5096867083467
29.720677027540066 102.04947014008417
28.98084227071639 101.3804364659808
28.443902590995886 100.54029767717509
28.078935966949466 99.60601380459977
27.831664174298382 98.64778478892103
27.648654434326172 97.6499587239685
27.511909614683688 96.67088512023751
27.39925416162491 95.6794888133378
27.300658406112674 94.67120339245642
27.213799912792147 93.69112804911794
27.129389932523914 92.68371731371899
27.130731657651122 91.72967628797693
28.02846721689548 91.28054983060623
28.94635091958224 90.89346630887181
29.875465880334062 90.5637161340525
30.845123538976623 90.27666134511679
31.813484069326 90.04096779321827
32.7936748569829 89.84868918041357
33.78125858520952 89.69771310831135
34.772147339719965 89.58595020990992
35.78386057863481 89.51012330074272
36.770760653236835 89.47133918442329
37.77251095243036 89.46587395291846
38.764843910996355 89.49291596230204
39.76742783135555 89.55213594765982
40.76703378275943 89.64248306405759
41.750197636832674 89.76148448085027
42.74889733040147 89.91284886183378
43.72726569226884 90.09101967988686
44.706251153658215 90.29921633232067
45.68414487219382 90.53756480161096
46.6366060169478 90.79959912508323
47.607314001219 91.09792067997554
48.54949549938877 91.41877378132662
49.484190128093005 91.7688677701091
50.409805515415556 92.14832004214549
51.32474928944026 92.5572479932583
52.22742907825098 92.99576901927001
53.10575898157935 93.45825113124145
53.96902430144033 93.94985378527157
54.82578214906722 94.4771440641839
55.66394443743256 95.03449420614655
56.47230594690583 95.61484928746222
57.25942115329526 96.22478065113914
58.032817530097155 96.87228929645293
58.763767953491296 97.53382523689541
59.48636761400587 98.24177359597395
60.164695431358055 98.96253398605278
60.83027963968375 99.73138052818248
61.44991418023292 100.51181292124866
62.03831561495611 101.32188699043391
62.587428912741515 102.1512905450927
63.10319305309977 103.00982903916463
63.57845993053812 103.88646881149603
64.01842770774883 104.7917326721327
64.41209651479747 105.70202139231719
64.76962653968582 106.63971128387473
65.08201257553618 107.57980376935743
65.36253320389176 108.55644361733961
65.62456433259965 109.50326973447561
65.92208493041993 110.47668440200806
66.26871561277152 111.40485369903595
66.70578695199252 112.29841986112685
67.33302984317886 113.08156154015465
68.20879945703126 113.54989258398439
69.19774445497025 113.69126137055474
70.17862443796028 113.64117886798996
71.17191499581814 113.52141720451593
72.14872014530849 113.29814856416657
72.96065147887884 112.72646246284289
73.42486653672589 111.85476207480855
73.59805697686768 110.86544703604126
73.61729600067234 109.86352557437563
73.58229463220583 108.87073408380913
73.52404163266208 107.87469251204759
73.44100281221618 106.8708332395116
73.33421797937301 105.88220675313708
73.20049522935417 104.88761385052825
73.04005537515458 103.89892262796037
72.85205589272395 102.91695374499545
72.6356439532277 101.94255166578363
72.3899563830879 100.97658513971442
72.11113142904777 100.01018803402864
71.80397223598271 99.06400633722501
71.46130929158902 98.11968624629542
71.08908769509317 97.19709005938527
70.67894095312641 96.2787754379549
70.237981830675 95.38377877771617
69.76618025347432 94.51246183098534
69.25334098325783 93.64881586197131
68.70837474887743 92.8105468563627
68.13124967207972 91.99803826599693
67.50990057425487 91.19680989120253
66.86774220008215 90.4374863855244
66.19332873568862 89.70508102467504
65.48662830282092 88.99997726049182
64.74760902322565 88.32255854481218
63.97623901864943 87.67320832947348
63.18824877352675 87.06397971457577
62.36907935983018 86.48248102049126
61.53567495891909 85.9396528138942
60.6722448684544 85.42416633380907
59.79692514396542 84.94584505037459
58.911457089174704 84.50337244508412
57.998240572493174 84.0870216104152
57.077137929350044 83.70494609198309
56.12938338888498 83.34848756985053
55.19696224174841 83.03146411363893
54.24006694588884 82.73843192883541
53.2697158216813 82.47249203030285
52.29799904522882 82.23566992380498
51.31491848230712 82.02427706928492
50.33305565860187 81.83980331170173
49.353922226300405 81.6808903858663
48.35437352114707 81.54308049851454
47.35810804653255 81.42890752664083
46.37475157265329 81.33250892510873
45.3656196424098 81.25224898656082
44.36944848641341 81.19887710187768
43.3699614777832 81.17845971289061
42.369168016468585 81.19870822336341
41.369077502418996 81.26733403705978
40.39013259110751 81.38918301994568
39.39737047066621 81.57644608821863
38.4294899137845 81.82959351871872
37.470023095739364 82.1171001794076
36.485390120956424 82.25921801318741
35.49615213385964 82.11950528650807
34.66132692934361 81.602001799908
34.05743469604683 80.80187270725582
33.64521533302117 79.9043919771886
33.33221881913567 78.9509037208333
33.06331820809107 77.98052785809224
32.801148816261296 77.02447965455865
32.543818226968426 76.06350561216415
32.294700594612124 75.07999457152223
32.07542023542662 74.10487076418192
31.908027536065088 73.12641785539691
31.844123128495216 72.12416842318541
32.00732476573944 71.14751842697477
32.56306763226617 70.31924274912996
33.394724174689294 69.79032638702911
34.34126787042523 69.44577347226065
35.30128385365249 69.20245963906217
36.29249922510611 69.00318753122573
37.2824388360672 68.8307580482831
38.2504704971857 68.67510180889946
39.249515627466636 68.52050090585581
40.240418093464925 68.37808402324178
41.23453024527441 68.25683820497885
42.22434549295993 68.15772783033583
43.22686667233535 68.07939296284243
44.22443586238809 68.02355806619296
45.21679937913645 67.99001183478222
46.220669756815376 67.97853758132976
47.21862386753055 67.98968611387409
48.21039467818058 68.02323500768533
49.21235836515977 68.08009620600062
50.20737036810857 68.15965957921614
51.21154996077946 68.26358075083232
52.20795881372583 68.39047953326286
53.19630180699682 68.54011010688838
54.17628382064157 68.71222665208954
55.16345934302216 68.90995343291361
56.125684837586064 69.12666297728683
57.10974419744 69.37330050362623
58.06823378291121 69.63840457675441
59.01654164284661 69.92545153055694
59.96939629184272 70.23933907698591
60.91109306371598 70.5753457456769
61.8559778036058 70.93905565922044
62.77419343904958 71.31882848942035
63.68027070602478 71.71990374342225
64.58796659215339 72.14887883041806
65.4824593545585 72.59927460974563
66.3634081544721 73.07080718038114
67.23047215312619 73.5631926413007
68.08331051175274 74.0761470914805
68.93456299393101 74.61787793765569
69.77043317205894 75.18023531558606
70.5780675810786 75.75380491801958
71.38235229343914 76.35621717844721
72.17018899551077 76.97836829258199
72.92948766589214 77.60994442936541
73.6836238851999 78.27038872648684
74.42024638798024 78.94968419926747
75.13899810770994 79.64753342980461
75.83952197786576 80.36363900019559
76.52146093192448 81.09770349253773
77.1844579033629 81.8494294889284
77.8184007400831 82.60655739158005
78.4427476528999 83.39245383086546
79.04708687685782 84.1951240961514
79.62223315384513 85.00154521149474
80.18580730218494 85.83662422016485
80.72012328820983 86.67437877422967
81.24152598365036 87.54069508691863
81.73362693800523 88.40862966248372
82.20427007972395 89.29110920245887
82.65311457003855 90.18784980582024
83.07332430055858 91.08423156024588
83.47175588453703 91.99388630308752
83.85387770870263 92.93129194528443
84.20741904170913 93.86688016711997
84.5382017368283 94.81492467891147
84.8411985492687 95.75981915829992
85.1215287416417 96.71625724846422
85.37888244066431 97.68398084102418
85.61294977305353 98.66273182759963
85.82021501940989 99.6362080014208
86.0043439364686 100.61986304653024
86.16504140427882 101.6134511433086
86.29995974343775 102.60020254418005
86.41451500862503 103.59289318767928
86.54370088149604 104.5872918049878
86.6896207737674 105.58011004342157
86.84071850792343 106.55773094765848
86.99222524396536 107.54965644436604
87.13262558425903 108.54226306185913
87.2525943412061 109.53630829274243
87.34280632720822 110.53254962962062
87.48352039735126 111.51201263682651
87.87537922918702 112.43833299749755
88.58936889099061 113.12322912872207
89.5051791186422 113.47819245426642
90.51071036669254 113.61636111542988
91.51287956358301 113.64934937636959
92.5075575752554 113.62253948133325
93.48717487548828 113.47782077807618
94.41606529502522 113.11426734670073
95.13166182763672 112.43683365551757
95.49727369930267 111.50567009396744
95.5657176049465 110.50772798901183
95.5223701195554 109.51177111484034
95.47194033112382 108.5012033697443
95.41622922468251 107.51808101660956
95.35199539999252 106.51345210221092
95.2800821381251 105.51213929007987
95.20002418388584 104.51435095933573
95.11135628208032 103.52029548909776
95.01361317751405 102.53018125848524
94.9063296149926 101.54421664661747
94.7860507061953 100.53872460707272
94.65640140128525 99.54991369074313
94.51553007000886 98.56600250879073
94.36104263258719 97.57544651539517
94.19406681288653 96.59035436938296
94.0141024755802 95.61095007203369
93.81587494703378 94.6143531296667
93.60809400639546 93.64714535535214
93.38033895966478 92.66350498441365
93.13977139343929 91.69809356456543
92.88331316446786 90.73966670915851
92.60713613420575 89.7773096836512
92.31362515154302 88.82258050751915
92.00224349988031 87.87571956611134
91.66456162624077 86.91523420338785
91.31538154023609 85.98502791057489
90.94670815365194 85.06341659889006
90.55336501844698 84.14007989365788
90.1389676856665 83.22603409192456
89.70809693380441 82.33186955025351
89.25018216515426 81.43703823486796
88.76955261233783 80.55224156872639
88.2715788648413 79.68772093735997
87.75032983700704 78.83348916527844
87.20526881223569 77.98978663783076
86.6493817177307 77.17610015794243
86.05567137597417 76.3539184987669
85.45124211556589 75.56171113462123
84.82207115737643 74.7804556492085
84.18353679500478 74.02857967928468
83.51224374752785 73.27859319963159
82.83244459803096 72.55761134826284
82.1189562530399 71.8389357454034
81.39789894460534 71.14885401629353
80.66122678574823 70.4783135234735
79.89966366215486 69.81880671717892
79.13302991095127 69.18679231261835
78.34196907471751 68.5656095562061
77.54760450694319 67.97113914433731
76.72934384802194 67.38726813626539
75.90176222298062 66.82680841151777
75.0623484379357 66.29401638448307
74.19620656009674 65.78053798078871
73.32049093593419 65.29719295071992
72.4353227677679 64.84362041353111
71.54082325791775 64.41945948847675
70.61894630471535 64.01674092986914
69.6876157433901 63.64386378266424
68.74696019481341 63.3004450773278
67.7971082798568 62.98610184432557
66.83818861939169 62.7004511141233
65.87032983428956 62.44310991718673
64.89366054542182 62.21369528398164
63.92771261632336 62.015520190142276
62.933974657295224 61.84028089551306
61.9515400148164 61.69448260981174
60.96112664854336 61.574068507124245
59.962855760795954 61.47867770670498
58.95684855389405 61.40794932780838
57.9635725208406 61.3622152055283
56.95708329600651 61.33166842328252
55.96917132139921 61.224154969645554
55.009226146667004 60.97623519769054
54.11352262114936 60.53334337353494
53.35326324922228 59.87113761742444
52.79026467298525 59.058878392961425
52.38630430834381 58.140935160662785
52.10968944360776 57.1832354367842
51.921250581040326 56.20804801886278
51.79257634555786 55.20719114674938
51.70952885377973 54.20472053404481
51.65979189272851 53.205430249652125
51.63466015618044 52.20790427882951
51.6562781085214 51.22099347823387
51.81378113073602 50.21855900776271
52.162917596893315 49.30313038430786
52.78435287866861 48.5170646336419
53.62647327243143 47.997919535115656
54.59497046819023 47.72549983087924
55.591117847134534 47.62762386544472
56.582060711437705 47.632168422553534
57.58984643493854 47.69347579796878
58.57717474165094 47.769921198456444
59.590199356511455 47.85890865506518
60.567243427961365 47.95562004352845
61.56948628348577 48.06674530299455
62.560412767430726 48.189325067936025
63.55210258409296 48.32552908421441
64.5328995716355 48.474443122977135
65.52613046820849 48.640583886807
66.50868829134022 48.8210904903235
67.49219603229248 49.01885253313743
68.46555654844877 49.23240306882496
69.44018053182218 49.46502799848169
70.40522528571852 49.71493105823413
71.37190538334579 49.98582505124942
72.32961763719531 50.27555553827901
73.28939731462742 50.58829371141597
74.21980866074362 50.91386603664625
75.16356688459116 51.26766505541387
76.08950325549797 51.63883288627758
77.00856403274894 52.03176883713953
77.91094710151455 52.44226542646964
78.82772885346567 52.88528514112337
79.70848083663624 53.33639650134114
80.58424963639669 53.810532123115614
81.45542524545587 54.308238457727555
82.31245486648575 54.823924916246966
83.15585197613646 55.35728815595827
83.98610255982908 55.90799820712256
84.81350043142032 56.48268395867395
85.61878261512481 57.06728359420315
86.42200736330192 57.675657074459785
87.20397062338247 58.2925406766037
87.98458962254543 58.93291294318769
88.74468839388533 59.58029675115185
89.48461357986457 60.23332246651606
90.2241260343049 60.90866829826189
90.95375719367475 61.597365075323246
91.66402647484114 62.289245390955564
92.37462192156705 63.002709062243056
93.06628087569777 63.71763710020916
93.75867827849402 64.45358442812503
94.43248025899575 65.18922224017513
95.09758462984172 65.93416080821159
95.75412676521557 66.68778107675716
96.4022266564464 67.44945432936385
97.04198950721153 68.21854302260066
97.67350631985519 68.99440160759404
98.29685447282412 69.77637733912054
98.91209828921906 70.56381107225202
99.51928959646291 71.35603804655324
100.1184682770852 72.15238865783179
100.5463965951947 71.4123103220039
100.96392722287545 70.48913067429358
101.37756672233665 69.57966844237764
101.78651160956943 68.68186428134638
102.20663750054263 67.75682817771482
102.61169761358116 66.8581544859649
103.01733192757507 65.94687364828934
103.42213865163649 65.0209351949175
103.81695913166223 64.09614610604328
104.19341410898907 63.188223657518826
104.53001991552102 62.231852255746006
104.51688204682253 61.24671586299419
104.1029005 60.3493455
103.46803138013459 59.574474362510685
102.76577771272217 58.84964388265526
102.10314953783225 58.120247462574895
101.40815141319982 57.380476138065106
100.70879251813196 56.68172536519426
99.9759365481395 55.99183374763784
99.22587451826475 55.32445003747316
98.4598998682396 54.67776129930075
97.67930603779602 54.0499545977211
96.89389803335631 53.44563070526668
96.09669890384055 52.856258984303196
95.28022318971087 52.273953630121056
94.45427453409609 51.70331714402734
93.62014637672814 51.142536590622534
92.77913215733898 50.58979903450717
91.95058757465351 50.054866942464145
91.09975955515567 49.51270146950925
90.26408823370625 48.98464290123314
89.408510678582 48.44595124151105
88.57066913254276 47.91781895409393
87.71540630627442 47.375502837677004
86.88035104981951 46.84034958821098
86.04850607462907 46.299155639100846
85.2031547641929 45.73818929074869
84.96912758563039 44.967250477634074
85.26316221703256 43.99939978347779
85.58737253419811 43.05250784381332
85.94045591623927 42.1245182755077
86.32603685453117 41.20208327460889
86.73852972347373 40.29478357838094
87.18214455610176 39.38951629046743
87.63884292403569 38.51705223815207
88.13008533816146 37.63159850969696
88.63057885937499 36.774248531249995
89.15072940268325 35.9212520134964
89.6892343471985 35.070552573303225
90.2307047868367 34.241368861979886
91.09467944965448 34.32704062040913
92.01507939023713 34.69343578702529
92.94383981451686 35.08627013337435
93.8493369276546 35.49204512705194
94.75265261116618 35.91966912311291
95.6536282109525 36.36930025753601
96.53228802342501 36.830406627461805
97.40887664176302 37.313033596152756
98.27361778852801 37.81159651936734
99.13631063227935 38.33151930768179
99.97806447228048 38.86080558422746
100.80880689779902 39.40470762073517
101.63796921291501 39.969136422215186
102.4564423062083 40.54760957473576
103.26451328790114 41.139673710508575
104.06246926821584 41.744875461745266
104.85059735737464 42.362761460657495
105.62918466559981 42.99287833945692
106.39851830311365 43.634772730355195
107.1588853801384 44.28799126556397
107.8939610762989 44.93720818193722
108.63743974023556 45.61148832990732
109.37280679412282 46.295742593662624
110.10824725659973 46.97648398706173
110.87716101905185 47.622911764992615
111.67979279161507 48.19589410124443
112.56234881609994 48.66552152921588
113.52581588168793 48.93301946210581
114.52040615022001 48.88530461247218
115.44397526455374 48.511343707903315
116.24741273031617 47.91795149679565
116.94697066074072 47.201845924517045
117.5699872857542 46.41717633415615
118.20021615077877 45.65541974164354
118.91060085516358 44.92550974192047
119.64563620166015 44.26651562554931
120.42255710943604 43.64139388817597
121.2350399765625 43.03920316162109
122.04626755826854 42.46999759307968
122.8790123545761 41.90213010925389
123.695958609375 41.34740173828125
124.52253693582917 40.776056692961696
867
172.60227375122045 82.49374616019965
171.67883547249718 82.82928143033209
170.73650981969556 83.19962967681987
169.82146555335072 83.58850204072337
168.91701065984796 84.0036393615067
168.0244927604705 84.44597280606303
167.1298333480582 84.92502327418126
166.2657866113538 85.4249271207105
165.4177509904448 85.95485276703627
164.5870876945548 86.51574796253824
163.78842109668014 87.09849839361111
162.99603395729775 87.72380649050788
162.23725836903827 88.3721174734353
161.50017678750774 89.05444001019922
160.79719181632248 89.7601454848169
160.12798791490937 90.48904218972396
159.47229547284698 91.26557389868546
158.87077119019324 92.04101048564982
158.28426895817853 92.86517470966146
157.74075424602458 93.69978692867248
157.23046382232553 94.55733884448966
156.7530666308324 95.43762932295607
156.30823161529628 96.3404572299148
155.90192695561205 97.2507628658213
155.52652278562874 98.18250962747797
155.18702414619727 99.11996730477438
154.8768312837572 100.07781188289499
154.60440616511949 101.02347514422613
154.35491143892904 102.00438063091914
154.1398716265337 102.9708443505348
153.95026592008355 103.95509499523888
153.788459150427 104.9395533325106
153.65072232544745 105.94088999351929
153.5404065751581 106.92295284937981
153.4520527211876 107.92045783914698
153.38014381223206 108.92741339795637
153.2877977096013 109.92626289546388
153.25597618255415 110.90722377151626
153.41097586448387 111.89479538344051
153.9098537869749 112.75212140585089
154.7413177587246 113.3084186151184
155.69131442934133 113.57462136725474
156.69898060166597 113.67661262128563
157.6895457600098 113.63721313485718
158.66144950909802 113.38954094833134
159.51548023682466 112.88239682229944
160.18562727109145 112.14103171018363
160.66552105386194 111.26269019550531
161.00031955941768 110.32854997858945
161.2529320217539 109.35796165240275
161.52471503744835 108.39334003638332
161.83369619987198 107.44101072797082
162.17537176874518 106.51428223925339
162.55924970341397 105.58907173312431
162.98682639663528 104.66741500068156
163.4411540399154 103.78520696315144
163.93285971814063 102.91944118792894
164.46195273703336 102.0711029329042
165.0283650097639 101.24118401548364
165.62431719343564 100.44050643311758
166.24852940187733 99.66896992420718
166.91633617160406 98.90828305302301
167.6024808613427 98.18672242184734
168.31361103905232 97.49472373844974
169.0576119321325 96.82418706558046
169.82447926066274 96.18373214599856
170.61283472722425 95.57325100892818
171.43127777802707 94.98573889137215
172.268894803736 94.42871349236324
173.11385093130644 93.90822769690617
173.98533982262416 93.41147588168828
174.87173188867868 92.94487622616147
175.76068147849992 92.51339817050386
176.68350818348074 92.10168551700306
177.6060337314698 91.72487052478235
178.53774509267853 91.37775981507455
179.488573260515 91.05659585264235
180.4458643018444 90.76562550147266
181.40813658843769 90.50473269623217
182.3854208707911 90.27123218558452
183.36475341440544 90.06829051029277
184.35612356564974 89.89393863900989
185.3464289472079 89.75062120306795
186.33407956048913 89.63821364779605
187.3402920458332 89.5550585214273
188.32903301836393 89.50440414636938
189.33256942176246 89.4849160299685
190.33743599094743 89.49832036453975
191.33048588587798 89.54487887111415
192.3314925905804 89.62659086645544
193.31630082258656 89.7426452691671
194.30376236792375 89.89653434209441
195.29052418097257 90.09036838704014
196.25315163534546 90.3210871272583
197.22784040632527 90.60045436556311
198.1714421578953 90.9194602457427
199.0992976576637 91.28547889016696
199.87799148748778 91.80921157998657
199.82980591003232 92.79137795162576
199.69433477865908 93.79367011653846
199.55619583262438 94.78283810009329
199.41096587339635 95.76161219198742
199.2490201385848 96.75118839681944
199.063883285884 97.72925881595178
198.83636131365 98.70927182079201
198.54258513022708 99.67056232855462
198.1452359905667 100.58379681870997
197.5864293109478 101.41310759002327
196.85156034421772 102.07094871229684
195.9641812682737 102.53595460176173
195.00993259847533 102.8317263354667
194.01840029735564 103.01937924354172
193.03542137215197 103.1370829024953
192.04043083326025 103.21516447813424
191.0360946378538 103.26859378467095
190.04401712564675 103.30626782007779
189.02741255678342 103.33585910680395
188.02704321902553 103.36033109896815
187.04547389859295 103.38321792492343
186.04632263427735 103.44219327954102
185.04843301733231 103.56162275731371
184.0568907260143 103.74676151187428
183.09259619327148 103.99824443076467
182.14441125408834 104.3238904401231
181.2323164396929 104.72218970581555
180.34731183809652 105.2029809792183
179.5204143779789 105.75366594343075
178.74214513845172 106.38290842608907
178.02723691014063 107.08160018008275
177.3866538514604 107.8365022041362
176.81093115624998 108.65629379687499
176.30895469182892 109.52587913989274
175.88552248828125 110.42650156054688
175.53088364939018 111.36731164924555
175.24762843080637 112.32825860253857
175.86896941194155 113.05010854566812
176.7629245606537 113.4773921255946
177.74661522751427 113.63651547312706
178.74717462469292 113.64240886386722
179.74741959151268 113.61928853344077
180.73856833033852 113.62910171334828
181.74032257516862 113.6370403134079
182.74210096806374 113.64281701896392
183.74390029318096 113.64673410945416
184.74571733467704 113.64909386431634
185.74754887670898 113.65019856298828
186.74939170343367 113.65035048490776
187.7512425990081 113.6498519095125
188.75309834758906 113.64900511624039
189.7549557333336 113.64811238452911
190.7436292512245 113.64748140337983
191.7454803477311 113.64739432032107
192.74732347618573 113.6481641597755
193.74467345194074 113.65002583039683
194.7401733020248 113.6546300943032
195.74068512747357 113.66985361541589
196.73578920328572 113.71132545249701
197.74054336416808 113.8147021894616
198.70282149399523 114.05672113448577
199.53036836384535 114.60127799232436
200.01559716936447 115.48006858983565
200.22028113759407 116.45769176304418
200.3027592065764 117.45325084383686
200.33208996606044 118.44928068055216
200.3379015652598 119.44087799721144
200.33425694539662 120.4387221799505
200.3280003379881 121.45548481386095
200.31735511530238 122.4434256380899
200.28989815438578 123.45092383382182
200.22228180856953 124.43429339076768
200.05116284311583 125.42828764039085
199.63619232807542 126.32943102234913
198.84032061215308 126.93195538083029
197.8918418428259 127.1914212266259
196.88552674884613 127.29950130256356
195.8890051209766 127.34104480385749
194.88704789814022 127.35528802549854
193.89704078856167 127.35878055254624
192.88909261293608 127.35985533510157
191.89128644384718 127.36082208560593
190.89348018892204 127.36173163900413
189.8956738508864 127.36258552411354
188.89786743246603 127.36338526975157
187.88675684925994 127.36414201805248
186.902254365374 127.3648284578831
185.8911436331022 127.36548325018616
184.89333691949238 127.36608109611794
183.895530139163 127.36663246704954
182.88441920316205 127.36714534742315
181.89991638924826 127.36760189918176
180.88880533187623 127.36802835688584
179.8909983112001 127.36840858818891
178.89319123746938 127.368750008963
177.89538411340996 127.36905414802548
176.89757694174753 127.3693225341938
175.88646562869658 127.36955959417509
174.90196246651678 127.36975816311735
173.89085107083775 127.36993053056388
172.89304373555004 127.37007080848898
171.8952363663244 127.37018299799108
170.88412486701571 127.37026959712588
169.89962153696266 127.37032922699584
168.8885099827205 127.37036666692414
167.8907025047123 127.37038150826078
166.89289500643133 127.3703759256456
165.89508749060332 127.37035144789603
164.89727995995415 127.3703096038294
163.8861683165702 127.37025105311575
162.9016648650951 127.37017993201466
161.89055320552075 127.37009395222933
160.89274564281035 127.36999779138259
159.89493807894382 127.36989192869001
158.88382641583925 127.36977632421062
157.89932295864546 127.36965721303694
156.8882113070452 127.36952971281416
155.89040376596012 127.36940029341919
154.89259623738408 127.3692688366496
153.8947887240428 127.36913687132275
152.89698122866204 127.36900592625607
151.88586965445708 127.36887584247208
150.90136630268512 127.3687532121727
149.89025477872747 127.36863296278011
148.8924473828496 127.36852149239635
147.89464001859739 127.36841870674397
146.89683268869658 127.36832613464028
145.8990253958729 127.36824530490276
144.88791404642643 127.3681769421535
143.90341093236003 127.36812498779568
142.89229967190394 127.36808818957257
141.89449255530457 127.36806986590332
140.8966854894475 127.36807094907141
139.8855743839335 127.36809340984172
138.9022237372608 127.36813588287211
137.89894044956327 127.36816374344498
136.8836587035358 127.36816807704872
135.89294430075213 127.3681597240171
134.89484451994224 127.36814751655373
133.88530932881235 127.36813758709138
132.93290294767866 127.40570650220438
133.11751529737828 128.37701349492622
133.3181462021106 129.35589101943253
133.5357820488066 130.34162156276716
133.7670408441841 131.315542605183
134.01220427625282 132.2775690531098
134.27649238106505 133.24509575437557
134.55579472394123 134.2001050580949
134.85590913879673 135.15952438137188
135.17221143778744 136.1057788798942
135.51111060695015 137.05531318699613
135.86743773383836 137.99100989817134
136.2415241109861 138.9127689350936
136.6407447894225 139.83628925500537
137.05904537124874 140.74516951042256
137.49677489313953 141.6393042627898
137.9542823917695 142.51858807355174
138.4403305400078 143.3976859221848
138.94757312301923 144.2611962205557
139.47637754415783 145.10900798182055
140.0271112067776 145.9410102191357
140.6001415142326 146.75709194565727
141.19583586987687 147.55714217454147
141.82524917390705 148.35419672843526
142.4566863391493 149.10870419202266
143.12257725948552 149.85999400693206
143.81260184142718 150.5948083768289
144.51481074400579 151.3010017517384
145.24104624215698 151.99106074331667
145.9785073352162 152.65340051620217
146.73984206003993 153.29995555519974
147.5253817091622 153.93062578198317
148.3210323771141 154.53466549326805
149.1258312353102 155.11280883299256
149.95407534758152 155.67588789625188
150.80606234286302 156.22381277396994
151.6498096854793 156.73739146447605
152.5261192477095 157.24565779641705
153.39204271061183 157.72660412834884
154.28049630937898 158.19671407214807
155.17555170464783 158.64509790730807
156.07756305299233 159.0701163359769
156.98688451098633 159.47013006030272
157.92092597917446 159.85015236229134
158.8632924021941 160.2008026431282
159.7969860254732 160.51482674123258
160.7569566438073 160.80214925987767
161.72636800900358 161.05493504883881
162.70559431960882 161.2714520412302
163.69500977416993 161.44996817016602
164.67671064778662 161.5865928917262
165.66894839094846 161.68327708407077
166.67207716022932 161.73838144934774
167.66756208971304 161.7504491988285
168.67421441333263 161.71933380848796
169.66339209233794 161.64626113627142
170.66431542183778 161.59733404991866
171.67026808685148 161.6745289961418
172.62795536160655 161.94120256238506
173.4621444320631 162.47564301528453
174.04481705753741 163.28577892318762
174.33166364372966 164.2396909643354
174.40092150822866 165.24006826133
174.33192085302736 166.23519061523436
174.39649910453193 167.23407974939056
174.46128200952148 168.23190919555665
174.50474038217482 169.22213332143326
174.51809389881691 170.2296402141444
174.48564016283876 171.22770358795742
174.38329854769518 172.21919565344618
174.17087380215932 173.1875535236676
173.77864948411323 174.10461653814554
173.1334285384907 174.8735263589125
172.26904069931393 175.38082966810677
171.31502269605286 175.64123607204647
170.31548628653337 175.7439012803917
169.31331285080125 175.74663245941787
168.32054556300278 175.68757671765303
167.33101385319543 175.58824628353102
166.33412633262895 175.46017593119123
165.34634424174226 175.31388189998813
164.34931978405632 175.15233791100164
163.37037763279557 174.9806197876882
162.3887167916803 174.79406727707598
161.41531908983214 174.59441083789972
160.43968560552517 174.37913100108244
159.4516933400368 174.14511084499546
158.49344747596032 173.9021966285561
157.52334993961946 173.63971155911509
156.56239420604206 173.36266617860397
155.61064622963553 173.07094310974335
154.6482205592518 172.75774171046814
153.71528539327807 172.43599257178874
152.77221040280585 172.0918813726259
151.83901724786062 171.7319663477809
150.91577618291217 171.35612246726927
150.00255746243042 170.96422470110647
149.08072403805645 170.54747348476462
148.1879732430939 170.12275186228356
147.28718059938163 169.67223234391764
146.39712814723504 169.2044564559218
145.51789062414088 168.71929119000757
144.66715480814239 168.22703849775314
143.80954684520196 167.7070570948389
142.96297649851908 167.16929000359553
142.12751850558047 166.61360421573463
141.30324760387276 166.03986672296762
140.50671748843766 165.4602072107277
139.70481287609425 164.85034244386253
138.9143180421869 164.2220296616806
138.15109060366981 163.58852438045278
137.39895396301534 162.9370637158933
136.6579783746934 162.26752263801765
135.9282340931739 161.57977611684143
135.20979137292662 160.87369912238012
134.51733465095538 160.16445013272948
133.83584680916167 159.43738923163176
133.16539380195292 158.6923990418076
132.5060415837366 157.92936218597765
131.87153056870991 157.1649725118025
131.24777800511308 156.38307346621968
130.6348457264338 155.5835550058394
130.04576746705203 154.78426264009425
129.46716122117024 153.96790026187637
128.89908487668777 153.13436484965308
128.28965738924074 152.36191450069572
127.605849921875 151.630983640625
126.91090343150223 151.2646218888487
126.2645688464018 152.0189956225741
125.69739934599589 152.83335054538813
125.19942581610965 153.70204834318602
124.76675540019893 154.60099832575165
124.38349260078144 155.52165016255105
124.0272395221206 156.4734837678078
123.69528846384776 157.41189301018775
123.36475284697735 158.34618868576618
123.01285549609375 159.28536364111326
122.64714898340526 160.2170435326623
122.475169191679 161.19130401961948
122.59087870496178 162.19582773436213
122.96206267343689 163.11474742728717
123.51455151375684 163.94491320951323
124.17518396819113 164.68508423389292
124.9216654092872 165.37362131712564
125.69193828845147 166.00269069591064
126.46426964723683 166.63075617103348
127.24544455065107 167.2734386004667
128.0122303942887 167.9082858052379
128.77859676154284 168.54344699941313
129.54608940798622 169.17689988986828
130.32870650906082 169.81673728695552
131.10316967630857 170.44059733018958
131.8960619718009 171.06651078047156
132.68377881043145 171.6725578073734
133.4804005691976 172.26671982967287
134.28747300367212 172.84697455424595
135.1198594760641 173.4202600328016
135.95270161787354 173.96632716417304
136.8006566336509 174.49238750081486
137.66527027896888 174.99641874960298
138.54808830940013 175.47639861741345
139.4189788736992 175.9770522877488
140.2184658735776 176.56074779664797
140.91186321411132 177.27687770932008
141.39196551017523 178.15796815821153
141.5309384026451 179.13587947698642
141.339292038199 180.1171056684047
140.922724765625 181.0320479042969
140.38123876586914 181.86494240109252
139.7996231837424 182.67203147659308
139.326661105546 183.54720294199325
138.92577770244944 184.47705137369937
138.55948206634488 185.4052498348791
138.17006522882426 186.3345312678606
137.72853967250157 187.212422831367
137.17275055310012 188.0584967995553
136.5041758451745 188.79968617286147
135.65819513819426 188.8485072925466
134.763683017195 188.43402660483613
133.85335722517044 188.00280074041163
132.94783232081127 187.56315590688317
132.06730766316605 187.12414641741182
131.1733331510019 186.6654677753268
130.28623507075423 186.19596513105785
129.40671032049266 185.71483095524965
128.5354557982869 185.22125771854687
127.6731684022067 184.71443789159417
126.82054503032165 184.19356394503632
125.97828258070155 183.65782834951784
125.14707795141602 183.1064235756836
124.32762804053479 182.53854209417815
123.52062974612755 181.95337637564623
122.72677996626399 181.35011889073252
121.93837592169243 180.7210927326558
121.16483978367704 180.07192004258926
120.4230223867945 179.4164051070868
119.69680395364048 178.74002070015328
118.97915021754075 178.0341914430008
118.27882638440288 177.30542524333458
117.61451372187425 176.57688446543122
116.91254606258929 175.86134065345547
116.1500083004728 175.2064592744206
115.32434473655492 174.6620945168728
114.39722875231791 174.28097220361616
113.40097205606874 174.16641231079802
112.4186112433811 174.35921892668998
111.52785011710463 174.78223876938415
110.70085901884636 175.36079038461713
109.9503060868557 176.01492324069437
109.24270879048694 176.72167849840997
108.56114888268155 177.44694592304904
107.86540028382663 178.15527521433273
107.13884807849047 178.85747805580007
106.39681406591734 179.53848301378054
105.65593063745355 180.18501313364936
104.88434699990343 180.8257309592006
104.09837780671027 181.44692634083722
103.29839108519494 182.04916174755837
102.48475486267823 182.6329996483634
101.65783716648096 183.19900251225152
100.818006023924 183.74773280822194
99.97476203482852 184.2741791910238
99.11959453697361 184.78481382594165
98.2434786504522 185.28542697492333
97.374914640096 185.76082668473884
96.47650038306182 186.23223504657116
95.58681758351216 186.68012904984016
94.68721023031804 187.1152147995491
93.77802335596073 187.53801962088136
92.87966344824432 187.9402562247181
91.95254220922851 188.34031960717772
91.03729828235892 188.72131856756317
90.26278177355577 188.43732523695755
89.61011945092392 187.68050337355425
89.07861764145059 186.83035946683916
88.57493824789312 185.96878986867486
88.07271941511434 185.10052690019342
87.57825864812884 184.22647152638856
87.10218377269963 183.34979561796567
86.65642914355517 182.46702826127625
86.25143333468311 181.5490739257591
85.93312584337663 180.59464551152038
85.78110159975957 179.6151836693268
85.89953597836211 178.62684981326748
86.3237264346021 177.72191624402214
86.9448917150741 176.94632045647455
87.66977704297554 176.25887562033262
88.45646228582382 175.61906940515138
89.24817711057261 175.02939825850757
90.07118077705034 174.44689739276816
90.8917922135492 173.88279273020038
91.72018820005006 173.32192808194924
92.55369847298728 172.7611254227144
93.3794334161155 172.197232679221
94.18855087109695 171.6258315651234
95.00449720085034 171.02966932305083
95.804044819738 170.42498521918228
96.58731431953427 169.8118118839081
97.35442629201357 169.19018194761853
98.12613676566144 168.5425066085475
98.88103791154583 167.88596822632823
99.619260652488 167.22060222678286
100.36021221750498 166.52810185171865
101.07444179930718 165.83565914771162
101.77194807039348 165.13425927456902
102.47079938308715 164.40487547507547
103.15231475209467 163.6661292073555
103.80812359273034 162.92783514282314
104.46392765952855 162.16070891283397
105.10239664297231 161.38409831889996
105.7158267288784 160.6081820376216
106.3279426471305 159.80258998588164
106.91532631151199 158.99777522013932
107.48598817987312 158.18364203713622
108.0400815740474 157.3602319235433
108.59133195188673 156.50611540917828
109.11233340924079 155.66404069744368
109.62359943604736 154.80184218929236
110.11850459533076 153.9302992215488
110.59124922695716 153.06066277096244
111.05411260683 152.17067711634144
111.5010909870485 151.2714757650921
111.92698237822667 150.37465736553364
112.3428646911283 149.45726922342374
112.7383642236914 148.5425782860595
113.12377960825377 147.6071735889985
113.48491208755219 146.6867873358641
113.8318540153194 145.75788971213575
114.16898453181298 144.80829145703208
114.49185819560984 143.85004176268606
114.79288606340461 142.90808060134918
115.08066621346237 141.95798373926894
115.35886788536325 140.98712793356054
115.62040844854732 140.02076901655795
115.8659386339288 139.05926271373772
116.10214618975391 138.07700681385376
116.32008858477424 137.11296643295748
116.52898095534158 136.12825021799642
116.72338523940292 135.14915309387604
116.9062967237798 134.16263150222454
117.07560324752555 133.18220118856593
117.23607279798713 132.18103607637738
117.38154841930418 131.1999045354038
117.51663481984585 130.2118772137509
117.64145259138657 129.21698674180902
117.75612232570069 128.21526574996844
117.85799221528228 127.23485278481886
117.95032483741707 126.24308746753893
118.03176618724405 125.24597027114989
118.10266542622988 124.24804073740701
118.16384416623734 123.24935694908142
118.21612401912928 122.24997698894427
118.26032659676845 121.24995893976666
118.29727351101765 120.24936088431969
118.32778637373967 119.24824090537454
118.3526867967973 118.24665708570227
118.37279639205332 117.24466750807404
118.38893677137057 116.24233025526097
118.4019295466118 115.23970341003418
118.4125963296398 114.23684505516478
118.4215697851601 113.25561974898777
118.43005552572221 112.25247451301718
118.43866224853203 111.24927075304842
118.44821156545234 110.24606655185259
118.45952508834594 109.24291999220088
118.47342442907562 108.23988915686432
118.49052183658944 107.24793160712397
118.51174811215309 106.25620031587005
118.53821604433314 105.25385822874323
118.57053838067299 104.25186293434714
118.60953673303543 103.25027251545295
118.65603271328322 102.24914505483174
118.71084793327921 101.24853863525465
118.77480400488615 100.24851133949278
118.84872253996684 99.2491212503173
118.93342515038407 98.25042645049929
119.02751062197424 97.27417098359876
119.13596732355666 96.27702275287538
119.25765507493651 95.28074279715389
119.39339548797665 94.28538919920547
119.5440101745398 93.29102004180119
119.70653263970702 92.31927597227832
119.8889928964565 91.32702540044664
120.08424138251468 90.35746504347975
120.30176260067716 89.36756036507875
120.53288259904379 88.40040608705068
120.78290358118537 87.43452379723493
121.05259473199749 86.46996787214705
121.34272523637577 85.50679268830261
121.6469097109176 84.56640864282078
121.97972972668587 83.60612438037991
122.32305357017421 82.6793154053804
122.69074305081631 81.74116506932094
123.06836524610128 80.82206701370136
123.46618332419762 79.89717315298107
123.87817479789665 78.98132793695227
124.2974348030662 78.08881248425563
124.73713396737816 77.19147787022582
125.19777914720592 76.2899574651201
125.66505375791174 75.41218013596263
126.14579654151822 74.54438810554937
126.64769128898247 73.67345011566482
127.16318513141633 72.81320138342285
127.69213030897438 71.96383815868552
128.23437906181124 71.12555669131491
128.7897836300816 70.29855323117312
129.35819625393995 69.48302402812222
129.94851150580402 68.66689045917025
130.5519311136884 67.86299469955469
131.16830039260623 67.07154219688721
131.79746465757063 66.29273839877949
132.43926922359483 65.52678875284313
133.09355940569196 64.77389870668983
133.76018051887525 64.03427370793122
134.4389778781578 63.30811920417896
135.14035540512774 62.58495175005409
135.85395971951849 61.87609272896211
136.56871020732737 61.19201247694394
137.30610615777064 60.512193552481534
138.05524584132732 59.84732463820699
138.81596743480432 59.197620662467216
139.5881091150087 58.563296553609135
140.37150905874742 57.944567239979634
141.16600544282747 57.34164764992565
141.9835397986337 56.74611555104017
142.79990315612673 56.17570420285533
143.62687506911058 55.62175057117248
144.4768708012193 55.07657783826419
145.3247266360516 54.55643810583971
146.1827031415242 54.053404082843755
147.06366735924544 53.56057352518833
147.941544735002 53.09265905883997
148.82905489654829 52.642498294846625
149.73949470919217 52.20399272171974
150.63232628423802 51.79629758731265
151.5614955706628 51.39492331708823
152.4860515296139 51.01820608604167
153.41942874311817 50.66032040697047
154.36146538798266 50.32148120822153
155.31199964101432 50.00190341814175
156.25649769418877 49.70613686930993
157.22342088415758 49.425431202122766
158.18374918811725 49.16837373973549
159.16642364728852 48.92738712516436
160.14195405172757 48.709873038202936
161.1247951563164 48.51229170748711
162.09973969244135 48.337385848099785
163.08147727773456 48.182208816925524
164.08511717144552 48.04503272213021
165.06474055644435 47.93182623866454
166.0659707301701 47.83701319130197
167.07340291368263 47.76271397160081
168.07125213383227 47.70979143706862
169.05910547211332 47.677487452201305
170.0549615669775 47.66653425579851
171.06395069858377 47.68961731180577
172.0500093283322 47.770739231462755
173.04246141970302 47.96615649490499
173.94647954336548 48.373231809906
174.61517677839137 49.097297160752774
174.9533497591048 50.039919637319976
175.07560021903657 51.02212132464552
175.09676232080238 52.041216721801405
175.06865583584204 53.02782753179804
175.01681396713508 54.02930237899444
174.948083952809 55.020270128227494
174.82558336615955 56.01766446697095
174.62764535432837 56.99657280905372
174.32064229203695 57.96088194521331
173.88703155224778 58.83964800572821
173.27874748811493 59.632146825835164
172.50198660666052 60.27386932585441
171.61438343088994 60.73951909443742
170.67449311097803 61.057915201653785
169.69965159551043 61.275519238235404
168.70083678533618 61.425362474088615
167.7126090515698 61.52827051858312
166.70980407041367 61.60443370856939
165.71163783039384 61.683532055080995
164.7303177788105 61.78992207805064
163.73527380070516 61.92736780020631
162.75024930403796 62.09336831655198
161.7755115840855 62.287617887764355
160.78903278125 62.51530807617188
159.83592534062603 62.765777635693034
158.87213966518692 63.050354919176584
157.92025729063923 63.36321505508988
156.98056459781532 63.70403047355208
156.05334796754744 64.07247360468233
155.13889378066793 64.46821687859976
154.21715582870917 64.9008508094972
153.3293920722351 65.35081342061234
152.45525641030162 65.82708602010206
151.59503522374106 66.32934103808553
150.7490148933857 66.85725090468185
149.9174818000679 67.4104880500102
149.10072232461997 67.98872490418971
148.29902284787417 68.59163389733952
147.51266975066287 69.21888745957878
146.7506187199534 69.86262352937875
146.00412390666781 70.52951732972028
145.2817694613626 71.21119577245165
144.57515337317918 71.91488760989743
143.8845429373941 72.6402871027343
143.21020544928385 73.38708851163895
142.55996094525844 74.14593699403935
141.9261323427724 74.92509869926641
141.3161404408462 75.71476108483972
140.72268157543945 76.5236883531189
140.1527703479256 77.34162904384505
139.59948432527085 78.17782565545782
139.06942536950177 79.02160611329259
138.55605966244892 79.88267194521376
138.0655701986071 80.74994829253473
137.59181873492872 81.63357693041476
137.14056367866357 82.5220975793082
136.70606890358573 83.4260739582964
136.29366291341594 84.33367726868482
135.898017826935 85.25587534309321
135.52402732643668 86.18048730970384
135.16677749542157 87.11886775151186
134.83072267020202 88.05849971968578
134.51136821528243 89.01110764588594
134.21272498473954 89.96385405622812
133.93432426888094 90.91604150127581
133.67230659451513 91.8799231108893
133.42651491324628 92.85620322198625
133.19441354660637 93.83590927580015
132.97731652696035 94.80264105919314
132.7718197093114 95.7718907070973
132.5752703665339 96.75931345232803
132.39146572040343 97.74925696359497
132.2233970166666 98.72590949608416
132.0660242928238 99.72073669166564
131.9247170620582 100.70211828515465
131.7952986351917 101.70167246877604
131.6822510874083 102.68762891423268
131.58230933220682 103.69175338961932
131.4990196774167 104.6821304780114
131.4300769685688 105.69066854888868
131.37804341678302 106.685312071184
131.34206873998713 107.68201453191071
131.32252152181525 108.68073799317958
131.32453983654784 109.67531569250488
131.38600270526695 110.6827989874859
131.57385013529802 111.65058634746862
132.01026198712518 112.55691491006351
132.74185732055474 113.21201467073631
133.67960110982625 113.57036474553517
134.67277128570367 113.7025341068325
135.67159872873367 113.69986956138331
136.67217796038054 113.59168500116111
137.62517543328772 113.32396249258409
138.47772164368152 112.80284047905593
139.08642955775738 112.02907541185851
139.44601540047168 111.09958136992604
139.6318384995117 110.10419849349977
139.7113791330877 109.11822414323836
139.7747558612884 108.12131308266372
139.85515806240156 107.11588134167917
139.95215041068522 106.11537400721207
140.06442728701248 105.1329778394628
140.19528329301446 104.1426161493331
140.3457070864381 103.14461719163823
140.5120987712825 102.16502623196371
140.6965999772367 101.19096905316803
140.90510586609776 100.1971607660181
141.1272344019623 99.23469045969372
141.3749980788895 98.25303075350291
141.63600164107515 97.30264773247376
141.92430363659534 96.33365018882454
142.22952649070905 95.38355782267614
142.55555076615295 94.44003306638938
142.90269249129418 93.50320266926498
143.27126769449998 92.57319338060378
143.66159240413754 91.6501319497066
144.0739826485741 90.73414512587422
144.5029632801521 89.8371153742653
144.9540517853117 88.94722302027577
145.42755203884067 88.06458993877794
145.92376791552692 87.18933800464407
146.4290417226901 86.34432743720299
146.97098280395508 85.48400120581054
147.52135480692567 84.65375469016212
148.08509059998946 83.84416362509728
148.6854373768506 83.026355270216
149.30019672284936 82.23377870812035
149.92923952610826 81.46610268710138
150.58259825054554 80.71157809360611
151.26080831961585 79.97101945371939
151.95379015205998 79.25586860732354
152.67223532588335 78.55549683975053
153.4056092291132 77.880554200759
154.16504140992632 77.22114852490998
154.92804564715263 76.59628930402388
155.72896161572245 75.97815504872491
156.53313991089405 75.39377260012408
157.36407298573826 74.82554412586403
158.19751905525115 74.28953780888125
159.05783138939591 73.7695786442189
159.9326990519932 73.27331063950615
160.80897037690673 72.80700937788446
161.69906618665772 72.36291706074631
162.60283161634044 71.94063636395933
163.52011180104915 71.53976996339114
164.45075187587818 71.15992053490935
165.39459697592173 70.80069075438156
166.32316344039623 70.4713691899569
167.27822813794089 70.15616985885438
168.24566793552577 69.85984801981114
169.1959152805959 69.59005266081245
170.15753526088332 69.33731987687682
171.1454467150844 69.097800349113
172.11435209089572 68.881653942145
173.09388947868328 68.68103986385894
174.08430771962094 68.49723712859183
175.0669243917966 68.34155341217333
176.04677581807715 68.21289495831853
177.0590057534299 68.10660089338303
178.0514879461838 68.02733973398479
179.04199186242408 67.97153743997329
180.0481475329259 67.93727342769955
181.0528722678198 67.9241371914509
182.0391816370833 67.93026741806457
183.0419898944769 67.95430757388408
184.0442959449564 67.99471961872126
185.04641115421106 68.04990909334813
186.0313641969517 68.11699994432813
187.03402173653458 68.19677460728073
188.0374171635865 68.28657081301564
189.0245331992914 68.38303813051654
190.01295815556367 68.48613104660369
191.02037260126133 68.59627104165727
192.0119977107459 68.72592361757064
192.9886260037525 68.95118327042609
193.9000808708467 69.33438772447191
194.66111081825528 69.9780581160136
195.0785097151532 70.87852919461756
195.1402377477089 71.8716956966837
194.98143959806066 72.8566024478622
194.70461771411135 73.81660644018554
194.46336526398136 74.79606783331252
194.2854745866327 75.77772798699432
194.13847514106368 76.76851989369584
193.99738343548964 77.74140094832993
193.8149073125097 78.74085073776062
193.54371743070578 79.7008700083971
193.1294270158574 80.6079891513992
192.51055067049302 81.38203479059872
191.67088239810698 81.90738384892326
190.6880508470176 82.13852722769136
189.69957114429204 82.14085643573293
188.69856870916922 81.99947366071122
187.74000988195792 81.7738110179658
186.75581852610767 81.54679660747033
185.76607933913422 81.37558121439363
184.7851543385085 81.25783797295868
183.78408923705783 81.18644980332527
182.77716338134465 81.15981850558094
181.77899464080923 81.17376067927356
180.78974048676633 81.22305390088474
179.79466822730924 81.30423677828311
178.79368190101377 81.41392311250185
177.80175999111708 81.54654653755603
176.81907791155334 81.69783480582706
175.83056266434704 81.86653176896311
174.85147092648742 82.04663696900667
173.8665555362688 82.23767041772271
172.89126031353277 82.43352484786313