280
302.0003599423745 70.00686206642791
302.20198636591056 75.00503365064736
302.2819774039046 80.00038337569066
302.2392985086717 84.99780993502954
302.07322001960085 89.98198375318353
301.78062973998925 94.99074422447028
301.3646580078222 99.95587360323192
300.82071081885647 104.92806628198922
300.1486151993337 109.89187192423664
299.3495467151092 114.83226882727025
298.4260038900945 119.73470219245947
297.37038565275407 124.63484922565618
296.19351769422184 129.4806429181903
294.8835051842944 134.31941183950667
293.4537350442206 139.1001280322653
291.89809569686275 143.84518513700456
290.2124900421548 148.56404002175185
288.4102712765136 153.21934799446328
286.4787495790761 157.8438547058702
284.43309435837847 162.40111213522786
282.2644723654287 166.91178909861654
279.9848835005772 171.35175679789762
277.58445152808355 175.74095128274791
275.07632011007996 180.05590413875433
272.44960804541233 184.31578702482096
269.7185659948456 188.49782271744212
266.87134644687717 192.6203864487745
263.9232696702084 196.66142340099142
260.8765876775342 200.61947089968538
257.7258083666829 204.50236427404516
254.48047600156514 208.29892171034084
251.13466747814715 212.01654211996492
247.69841187975462 215.64444342025934
244.16537620186097 219.1895726671432
240.54605356540756 222.6415627391478
236.8427455366229 225.998918777018
233.05775368173533 229.26014592149863
229.1839738057155 232.43125334660613
225.23274688797156 235.50276028478757
221.20639117268348 238.47316104451647
217.11716412054247 241.33418044821465
212.95777771126905 244.09158585603632
208.72026728244563 246.75014533739866
204.41688988739313 249.30158311310373
200.04996377029158 251.74439349162492
195.62180717532087 254.07707078143562
191.14559335669364 256.29290531694255
186.6130517620755 258.3961422927602
182.0153685937499 260.3899409720378
177.38819150978009 262.2588441283075
172.71182924504163 264.01122871856666
167.9885667679938 265.64561066375353
163.22068904709582 267.16050588480635
158.41048105080694 268.5544303026633
153.5837515305965 269.82005420171606
148.707764856624 270.9655643196519
143.82032254999027 271.98162749882476
138.88812711498423 272.8746515480657
133.9494423069619 273.6371417517389
128.9947690820034 274.27090332905055
124.01430106810625 274.77651879818217
119.03476500437094 275.1510359661322
114.03403850093764 275.3958301645841
109.03900259811346 275.50925570028386
104.03966634310572 275.491651169655
99.03826858239574 275.3426122908496
94.04947083234673 275.06261637021
89.07551639103932 274.6522904840399
84.10609174588664 274.1107647517094
79.14327914921901 273.4377210070266
74.20164383784686 272.6350598985175
69.2957290303038 271.70605718445154
64.41498071238385 270.6496180587131
59.5612922981534 269.46653967648757
54.72400605475982 268.1540838405603
49.94237802403876 266.72379067300704
45.180650424403986 265.1658498136249
40.47783629473421 263.4939211696787
35.81056672674757 261.70112743956366
31.18037016024043 259.7884300667158
26.613368303359344 257.7680836712767
22.08616407147101 255.63121965516336
17.61634898997942 253.38698138288788
13.21181990303682 251.03472091525384
8.869359172349853 248.57068697525747
4.576046360486739 245.98676972801982
6.132383553755052 245.1712565113575
11.124519731104135 245.30109239284337
16.129828018466178 245.255007341741
21.118357039875356 245.03324282989814
26.098323574293573 244.63592818591638
31.077660640683238 244.06143256778054
36.02653777880195 243.31271672410801
40.94046157277907 242.39117037104228
45.81493860674392 241.29818322472693
50.64547546482588 240.03514500130547
55.43958964487487 238.59961769412786
60.18049776727982 236.99597639630036
64.85195219603237 235.23028897801152
69.46147009139986 233.30011636595907
74.00455803751163 231.20684827628654
78.46552236518501 228.9577712965325
82.85146161354339 226.54918343444024
87.14711801247626 223.98916042912978
91.34868484290917 221.28026380829544
95.45242099726671 218.42503129423918
99.45465055291777 215.42597693579484
95.74349110799628 214.3600928327979
90.85250850082772 213.28874193908717
86.06929755787364 211.87634337296004
81.39223922233325 210.12344134617345
76.83967709906277 208.0345772204604
72.46336381371985 205.63428447089166
68.26291188604804 202.92401928356162
64.25598363894584 199.91287303141746
60.48835712686822 196.63615500218287
56.9598225812701 193.09545877223155
53.69770141050509 189.31812214186056
50.703313658876255 185.30349094634113
48.01144666067887 181.09706627517153
45.62170614227805 176.6984922347867
43.56020853599927 172.15820129781434
42.56134039768584 168.08786461283685
47.52333066536651 168.66364381669962
52.51621818495708 168.88409637768422
57.520947440573266 168.74717988129947
62.48784125737815 168.25496535013048
67.41306114484314 167.4088127115013
72.26273141215242 166.21415762272608
68.85805277172 165.09113679289766
64.06178095560014 163.7031687769954
59.36928473647659 161.97345215803554
54.808774605913044 159.90991674578186
50.41741035130167 157.52992499450303
46.21049757456233 154.8439283578257
42.194856812656106 151.8556760952789
38.413058337611545 148.59765466262317
34.862687153531844 145.06846854917075
31.574649135317618 141.29758878446864
28.568636636617875 137.30958054878016
25.85005013809533 133.11139326124254
23.44225750559319 128.73851704761466
21.345245944989685 124.18740729830797
19.586585163539965 119.5166020430333
18.164165652518353 114.72249691744369
17.089996250996208 109.84433915418839
16.366682416291894 104.89948712815203
16.078175850189574 100.0312874866112
20.79874931344317 101.723826959024
25.603345534726927 103.06800044397832
30.500013138712895 104.06796904963458
35.45650955170018 104.71610692494765
40.439924188489485 105.00871654332488
42.86038870575826 104.09960211928892
39.0825567636949 100.82382309232851
35.55428045746718 97.29473441402288
32.28008389438051 93.51392467826
29.281737191917895 89.50223540455241
26.59065354434774 85.30431039670061
24.196760963383767 80.90540908209532
22.131761382817388 76.36509670196898
20.391990484759205 71.68003503747347
18.986269616265464 66.86832352697465
17.932012988758544 61.995818942124814
17.223071276280745 57.035609062309724
16.870190947134688 52.05497169620866
16.873087041007068 47.05004385818067
17.233095867439356 42.06462167593919
17.94891587038726 37.118079631122725
19.01915850323396 32.229232217425405
20.434495676817964 27.439776274051425
22.188085105908975 22.766264617902785
24.272973855182688 18.224196675085196
26.854823385852505 16.048218455863605
30.075964270841084 19.869523818136155
33.39880819995453 23.61247777352296
36.80841044525785 27.260393092592512
40.31683413687166 30.82624714526571
43.908396099064255 34.29409257784698
47.59578269789832 37.67609906336605
51.362603642792465 40.95707961845342
55.222135956642006 44.14837508831938
59.157313980688826 47.2355795657749
63.16592189862103 50.217561570356786
67.24574389412673 53.09318962160187
71.41116221946943 55.872101315347265
75.64388519794659 58.541527819725076
79.94167052966458 61.10032413074353
84.30227591472979 63.54734524441081
88.72345905324863 65.88144615673514
93.20297764532748 68.10148186372469
97.73858939107272 70.20630736138769
102.30980875504102 72.18714862114506
106.95068033596645 74.05858536982558
111.64092703372287 75.81138142291164
116.35949188530367 77.43817448460818
121.14158889807476 78.95073437541018
125.92804120875526 80.33071274080368
130.77359404800228 81.59419497437626
135.63759382997648 82.73003166052507
140.53700158787026 83.74236086963953
145.4696277795981 84.6300645378803
150.40353174656704 85.38784674502173
155.36594432872408 86.02028562986634
160.34469254242586 86.52539620340659
165.32741848907105 86.90221713108355
166.09889541981826 83.80816910031842
165.0292232456136 78.92236061030437
164.32164336112902 73.98196964503568
163.9839459588262 68.98487474907581
164.0258328696292 63.98336478558732
164.44751812638654 59.01213911470599
165.24995389215485 54.072481624631244
166.4244905567723 49.21691886894177
167.9635288144785 44.46404992386337
169.85890934953235 39.83314700876257
172.09393816094834 35.35872598521026
174.64719611392934 31.07335959604693
177.52296232136487 26.967537349660958
180.67842031823872 23.10000666963204
184.11852343348403 19.462315001968214
187.8046910928062 16.095558273771026
191.73200390185764 13.004359441275634
195.88463194730346 10.205756220759712
200.21720267982562 7.73221384874617
204.74097579297697 5.580918736478923
209.39262052824876 3.784963167922256
214.18495942365632 2.341687866078854
219.06780876104673 1.269609607470755
224.02268302901481 0.5731528076050774
229.01439383521546 0.2563581124263856
234.00748403258387 0.3170840274061304
238.9848496842637 0.7490097122148283
243.91245199851627 1.541109766711545
248.78431570073076 2.687566355503622
253.55358143673237 4.191165438478541
258.19911224282 6.047132787989792
262.6820740626463 8.23862139046936
267.00286437160287 10.766136168052766
271.1236674142468 13.609691297409618
275.010111775873 16.74385785536385
278.6473093761157 20.153707017744658
282.0349832123376 23.841230755077923
286.42174884714814 24.333131355976686
291.2963612310258 23.198109123005747
296.11152030659184 21.857586398197142
300.8608573930684 20.314081032796867
305.5590890352327 18.56172990924908
310.15730447317213 16.618918805993975
314.6705629311391 14.480690060663585
319.0924957283558 12.149561524503913
323.4167341840441 9.628051048760959
325.40090894671823 9.854531306233373
323.6108123894826 14.526157701376567
321.4733801372214 19.033261338250185
318.987074607767 23.37818344724849
316.18063563691373 27.509528525580652
313.0602970380547 31.41912078505392
309.64684524880175 35.07904747399515
305.97325610767575 38.45589278028298
302.03768126270705 41.55084287900947
297.88585472428423 44.32718705096189
296.64459325252454 45.821802781089744
301.6146698683689 45.13943627701503
306.52529449512093 44.2498500125761
311.40898125686624 43.14782123991391
316.2203913492965 41.84395194373457
320.9912483424388 40.32971831616516
325.69563703122907 38.611776461516016
330.30869621637424 36.700012740217836
333.65816469986567 35.869907441222054
331.61921864996816 40.43496309780994
329.23714204239377 44.826756515625945
326.5221580341497 49.02611030721223
323.49239292765185 53.004270808451935
320.16091630679074 56.74291676865809
316.5586357521572 60.20779669977544
312.7120796062298 63.377050622277736
308.6198833793171 66.25126564144614
304.3180410611644 68.8026650392564